-2.640885300934314728e-02,
-2.920423401519656181e-03,
-1.803938113152980804e-02,
-3.098816610872745514e-02,
-3.592315316200256348e-02,
-1.185953151434659958e-02,
-8.691802620887756348e-03,
-1.162611972540616989e-02,
-1.060911174863576889e-02,
2.500838413834571838e-02,
-5.176735576242208481e-03,
2.469716779887676239e-02,
-5.587984342128038406e-03,
-2.696459554135799408e-02,
-1.110094366595149040e-03,
1.805049553513526917e-02,
4.368131235241889954e-02,
2.621712163090705872e-03,
9.041920304298400879e-03,
3.954659029841423035e-02,
-1.865903264842927456e-03,
-2.040684036910533905e-02,
3.587869554758071899e-02,
-6.235423497855663300e-03,
-3.169951587915420532e-02,
-3.863517567515373230e-02,
-3.374464437365531921e-02,
2.407751511782407761e-03,
2.272984199225902557e-02,
1.908973325043916702e-03,
-2.938763052225112915e-02,
-2.006228081881999969e-02,
-2.014008536934852600e-02,
-1.240415871143341064e-02,
-2.903195470571517944e-02,
-2.614765428006649017e-03,
1.227078028023242950e-02,
3.353902138769626617e-03,
-3.420591121539473534e-03,
-1.292655616998672485e-02,
-9.203085675835609436e-03,
-4.232529923319816589e-02,
4.726584535092115402e-03,
-1.836171187460422516e-02,
-5.308446288108825684e-02,
4.528184607625007629e-02,
-1.745029538869857788e-02,
-9.197527542710304260e-03,
-9.881090372800827026e-03,
-9.430939331650733948e-03,
-2.211852557957172394e-02,
-2.218521572649478912e-02,
2.547520771622657776e-02,
1.022009272128343582e-02,
-1.328223012387752533e-02,
-2.763148583471775055e-02,
-1.374905370175838470e-02,
4.917204007506370544e-02,
5.801944993436336517e-03,
-5.561864748597145081e-02,
-1.001446880400180817e-02,
-9.903320111334323883e-03,
4.036908969283103943e-02,
-1.344895269721746445e-02,
-5.135054886341094971e-02,
-1.160111161880195141e-03,
-5.619661882519721985e-02,
2.845398336648941040e-02,
3.026014426723122597e-03,
2.725358121097087860e-02,
8.787668193690478802e-04,
1.965103298425674438e-02,
4.881636425852775574e-02,
-8.436161093413829803e-03,
2.067359630018472672e-03,
-8.144953101873397827e-02,
-5.686350911855697632e-02,
2.960992604494094849e-02,
1.650553382933139801e-02,
-1.832558773458003998e-03,
3.872409462928771973e-02,
2.291879430413246155e-02,
2.040684036910533905e-02,
-1.267091464251279831e-02,
-2.011785469949245453e-02,
-1.183730177581310272e-02,
-3.492281958460807800e-02,
2.409696765244007111e-02,
-5.601878091692924500e-02,
-3.049911372363567352e-02,
-1.092588528990745544e-02,
1.675006002187728882e-02,
-4.497063159942626953e-02,
1.773928105831146240e-02,
5.335121974349021912e-02,
9.397595189511775970e-03,
-5.624107643961906433e-02,
-5.657452158629894257e-03,
-1.298213005065917969e-02,
2.420811541378498077e-02,
2.880965732038021088e-02,
-1.151497103273868561e-02,
-3.040950105059891939e-04,
-3.790159523487091064e-02,
4.477056488394737244e-02,
1.560523174703121185e-02,
2.636439353227615356e-02,
2.051798999309539795e-02,
-2.229636348783969879e-02,
-2.859291853383183479e-03,
-5.873079970479011536e-02,
-4.890528321266174316e-02,
2.837062114849686623e-03,
-2.645331248641014099e-02,
3.005452081561088562e-02,
-2.992114238440990448e-02,
1.187064591795206070e-02,
-3.839064761996269226e-02,
-3.145498782396316528e-02,
-3.436707705259323120e-02,
-1.243750285357236862e-02,
-2.154055424034595490e-02,
2.576419338583946228e-02,
-9.703253395855426788e-03,
-2.218521572649478912e-02,
6.068700924515724182e-03,
1.158166024833917618e-02,
-6.957887858152389526e-02,
7.369136903434991837e-03,
6.250984221696853638e-02,
-9.489292278885841370e-04,
4.518876085057854652e-04,
-1.524955686181783676e-02,
2.209629677236080170e-02,
-4.350347444415092468e-02,
2.309663221240043640e-02,
-3.187735378742218018e-02,
3.723470494151115417e-02,
-7.153509557247161865e-02,
4.003564268350601196e-02,
2.178508043289184570e-02,
3.523403406143188477e-02,
-2.327169058844447136e-03,
-1.011450216174125671e-02,
-1.952876895666122437e-02,
-2.079586125910282135e-02,
-1.233746949583292007e-02,
-4.383691772818565369e-02,
-3.794605284929275513e-02,
-2.349676564335823059e-02,
-1.900637149810791016e-02,
2.883188799023628235e-02,
2.491946518421173096e-02,
3.443376719951629639e-02,
-7.402481511235237122e-03,
-4.583758860826492310e-02,
-5.290662404149770737e-03,
-1.847285963594913483e-02,
8.325013332068920135e-03,
4.137498326599597931e-03,
5.277324840426445007e-02,
-1.075916271656751633e-02,
3.743477165699005127e-02,
5.351793952286243439e-03,
7.709251344203948975e-02,
-9.041920304298400879e-03,
2.314109168946743011e-02,
1.710573397576808929e-02,
1.541627943515777588e-02,
-2.378575131297111511e-02,
-1.651664823293685913e-02,
4.445935133844614029e-03,
2.546687144786119461e-03,
4.072476550936698914e-02,
3.881301358342170715e-02,
1.067198027158156037e-04,
-2.767594531178474426e-02,
-3.943544253706932068e-02,
1.639438420534133911e-02,
-4.036908969283103943e-02,
-5.010568723082542419e-02,
9.958893992006778717e-03,
-2.667560987174510956e-02,
4.010233283042907715e-02,
-2.872074022889137268e-02,
-5.143946781754493713e-02,
4.930541664361953735e-02,
2.934317104518413544e-02,
-1.251530647277832031e-02,
-1.986777177080512047e-03,
2.643108367919921875e-02,
-6.907871458679437637e-03,
4.310333728790283203e-02,
-1.582752913236618042e-02,
-3.494504839181900024e-02,
-3.781267628073692322e-02,
4.332563653588294983e-02,
-1.589421741664409637e-02,
-6.163177080452442169e-03,
2.705351449549198151e-02,
1.443817373365163803e-02,
5.397364869713783264e-02,
-2.600871957838535309e-02,
-1.833948190324008465e-03,
2.534182928502559662e-02,
-4.501508921384811401e-02,
-8.473952114582061768e-02,
-7.211306691169738770e-02,
-1.476050354540348053e-02,
-4.734920710325241089e-02,
2.323000924661755562e-03,
-8.325013332068920135e-03,
2.036238275468349457e-02,
4.743812605738639832e-02,
-2.231859415769577026e-02,
2.191845886409282684e-02,
-1.522732712328433990e-02,
1.035902835428714752e-02,
2.343007735908031464e-02,
1.182618644088506699e-02,
-2.584199653938412666e-03,
2.474162727594375610e-02,
2.627547457814216614e-02,
-1.602759584784507751e-02,
6.428822129964828491e-02,
2.311886101961135864e-02,
4.659339785575866699e-02,
-9.852191805839538574e-02,
-1.343332260148599744e-04,
1.554965693503618240e-02,
5.201743915677070618e-02,
1.356010138988494873e-02,
-2.807607874274253845e-02,
5.007234402000904083e-03,
-1.432702504098415375e-02,
-9.241987019777297974e-03,
1.388243213295936584e-02,
-7.808173075318336487e-03,
-1.942873559892177582e-02,
-1.529401633888483047e-02,
-1.237081363797187805e-02,
8.953001350164413452e-03,
2.847621403634548187e-02,
4.227111639920622110e-04,
5.166176334023475647e-02,
-3.843510895967483521e-02,
-5.579648166894912720e-02,
-6.268768012523651123e-02,
-1.745029538869857788e-02,
-1.028122473508119583e-02,
2.354122512042522430e-02,
1.229301001876592636e-02,
4.054692760109901428e-02,
-4.219192266464233398e-02,
-6.095376610755920410e-02,
-1.707239076495170593e-02,
-2.696459554135799408e-02,
5.269127432256937027e-04,
5.449049174785614014e-03,
-4.040243569761514664e-03,
-2.625324577093124390e-02,
-5.557418614625930786e-02,
-7.051252573728561401e-02,
2.625880297273397446e-03,
1.144828274846076965e-02,
4.106932319700717926e-03,
4.045800864696502686e-02,
5.281770601868629456e-02,
2.318555116653442383e-02,
5.596320610493421555e-03,
5.718583706766366959e-03,
2.943208999931812286e-02,
1.546073891222476959e-02,
3.312221542000770569e-02,
3.412602527532726526e-04,
-8.786278776824474335e-03,
6.807837635278701782e-03,
3.696794807910919189e-02,
1.189287565648555756e-02,
-2.028457820415496826e-02,
-1.907306164503097534e-02,
7.135725580155849457e-03,
-5.237867007963359356e-04,
-9.653235785663127899e-03,
-2.478608675301074982e-02,
1.682786457240581512e-02,
1.168169360607862473e-02,
1.682786457240581512e-02,
1.306688063777983189e-03,
-2.623101510107517242e-02,
7.313562929630279541e-02,
-4.088037088513374329e-02,
9.303119033575057983e-03,
-3.201073035597801208e-02,
-3.645666688680648804e-02,
-9.542088024318218231e-03,
-2.145163528621196747e-02,
1.910362625494599342e-03,
4.150280356407165527e-02,
4.672677442431449890e-02,
-1.866181194782257080e-02,
1.817275956273078918e-02,
5.454606376588344574e-03,
6.079815793782472610e-03,
-4.268097504973411560e-02,
6.682240217924118042e-02,
1.868404075503349304e-02,
7.596991490572690964e-03,
2.159612812101840973e-02,
4.370909649878740311e-03,
3.081032820045948029e-02,
-7.819288410246372223e-03,
-1.723911240696907043e-02,
2.156278351321816444e-03,
-2.137383259832859039e-02,
-8.860748261213302612e-02,
-1.265979930758476257e-02,
3.719024732708930969e-02,
5.112824961543083191e-03,
-2.230747789144515991e-02,
4.519292712211608887e-02,
6.107603199779987335e-03,
2.179619669914245605e-02,
-1.705016009509563446e-02,
-4.454826936125755310e-02,
5.859742313623428345e-02,
1.466047018766403198e-02,
2.302994206547737122e-02,
4.605988413095474243e-02,
5.835289484821259975e-04,
1.721688359975814819e-02,
2.144052088260650635e-02,
2.318555116653442383e-02,
1.290710526518523693e-03,
4.052469506859779358e-02,
-2.574196271598339081e-02,
-7.658123038709163666e-03,
5.739701911807060242e-02,
2.905418537557125092e-02,
8.131615072488784790e-02,
-3.847956657409667969e-02,
-1.533847581595182419e-02,
1.260422542691230774e-02,
-9.961673058569431305e-04,
-3.387802466750144958e-02,
-1.933981664478778839e-02,
3.876855224370956421e-02,
-1.464935578405857086e-02,
1.510506402701139450e-02,
-3.112154453992843628e-02,
-3.890192881226539612e-02,
2.631993405520915985e-02,
9.330905973911285400e-03,
7.171293348073959351e-02,
2.589756995439529419e-02,
-5.739701911807060242e-02,
4.079145193099975586e-02,
-3.534518182277679443e-02,
8.419489488005638123e-03,
-2.005116641521453857e-02,
-2.429703436791896820e-02,
5.948660895228385925e-02,
8.652901276946067810e-03,
-1.183730177581310272e-02,
8.841852657496929169e-03,
-1.654999330639839172e-02,
2.178508043289184570e-02,
-4.686015471816062927e-02,
6.108714640140533447e-02,
-3.106597112491726875e-03,
4.998898133635520935e-03,
2.538628876209259033e-02,
1.392689067870378494e-02,
-2.214075624942779541e-02,
-3.716801479458808899e-02,
-2.996560186147689819e-02,
3.576198825612664223e-03,
1.005337014794349670e-02,
1.462990418076515198e-03,
-8.914099074900150299e-03,
-2.576419338583946228e-02,
-1.165946386754512787e-02,
-5.975336581468582153e-02,
2.780932374298572540e-02,
3.461160510778427124e-02,
-2.923202142119407654e-02,
-1.507171895354986191e-02,
9.558759629726409912e-03,
4.819393530488014221e-02,
1.074804738163948059e-02,
3.312221542000770569e-02,
-1.701091096037998796e-04,
1.816164329648017883e-02,
2.176285162568092346e-02,
-2.855123893823474646e-04,
2.491946518421173096e-02,
1.371987746097147465e-03,
6.642226874828338623e-02,
9.147510863840579987e-03,
1.207001841976307333e-04,
-5.883916746824979782e-04,
2.591146389022469521e-03,
6.907871458679437637e-03,
1.757255755364894867e-02,
2.431926317512989044e-02,
1.470492966473102570e-02,
6.295444071292877197e-02,
7.469170726835727692e-03,
2.068749163299798965e-03,
2.079586125910282135e-02,
1.222632080316543579e-02,
-3.174397349357604980e-02,
8.697359822690486908e-03,
-5.370689556002616882e-02,
4.321448877453804016e-02,
-1.443817373365163803e-02,
-1.433814037591218948e-02,
2.078474499285221100e-02,
1.887299306690692902e-02,
-6.535524129867553711e-02,
-7.206860184669494629e-02,
-3.543410077691078186e-02,
1.730580255389213562e-02,
-5.281770601868629456e-02,
-3.198850154876708984e-02,
-1.941762119531631470e-02,
4.276989400386810303e-02,
-3.610099107027053833e-02,
-4.012456163763999939e-02,
-2.972107566893100739e-02,
2.425257489085197449e-02,
7.174627389758825302e-03,
1.067024376243352890e-02,
-9.953336790204048157e-03,
6.717529613524675369e-04,
-2.050687558948993683e-02,
2.789824083447456360e-02,
2.309663221240043640e-02,
3.285545855760574341e-02,
-3.665117546916007996e-03,
-3.052134253084659576e-02,
-2.807885874062776566e-03,
-5.997566133737564087e-02,
1.492722611874341965e-02,
-3.287768736481666565e-02,
-1.303770393133163452e-02,
-9.603219106793403625e-03,
3.945767413824796677e-03,
-3.923537582159042358e-02,
3.461160510778427124e-02,
7.724812021479010582e-04,
3.554524853825569153e-02,
2.235193736851215363e-02,
1.393800601363182068e-02,
3.001006133854389191e-02,
2.614209800958633423e-02,
-8.680688217282295227e-03,
-8.080487139523029327e-03,
2.414142712950706482e-02,
3.296660631895065308e-02,
5.272878706455230713e-02,
4.748258367180824280e-02,
9.275332093238830566e-03,
1.417141780257225037e-02,
-2.061802335083484650e-02,
2.035126648843288422e-02,
8.158290758728981018e-03,
-1.200402434915304184e-02,
-5.604656878858804703e-03,
-8.086044341325759888e-03,
2.068471163511276245e-02,
2.174062095582485199e-02,
3.876855224370956421e-02,
-4.377022758126258850e-02,
-2.940985932946205139e-02,
-2.016231417655944824e-02,
-5.901978816837072372e-03,
-2.569750323891639709e-02,
-9.925549849867820740e-03,
-3.256647288799285889e-02,
-1.782819814980030060e-02,
-2.674229815602302551e-02,
1.567192003130912781e-02,
8.531749248504638672e-02,
-7.274661213159561157e-03,
2.829837612807750702e-02,
-2.077085198834538460e-03,
-2.747587859630584717e-02,
2.374059840803965926e-04,
1.726134307682514191e-02,
1.628323644399642944e-02,
2.700905501842498779e-02,
-4.409811459481716156e-03,
-9.219757281243801117e-03,
7.869305089116096497e-03,
2.469716779887676239e-02,
-4.234753176569938660e-02,
3.970219939947128296e-02,
-2.494169399142265320e-02,
-3.592315316200256348e-02,
-1.696124114096164703e-02,
-1.614985801279544830e-02,
-2.566138049587607384e-03,
2.976553514599800110e-02,
2.498615346848964691e-02,
8.714032359421253204e-03,
1.200402434915304184e-02,
-5.901978816837072372e-03,
1.198179461061954498e-02,
7.869304716587066650e-02,
-1.040904503315687180e-02,
-2.005116641521453857e-02,
1.207071356475353241e-02,
-3.016566857695579529e-02,
-8.269438520073890686e-03,
1.144828274846076965e-02,
-3.301106765866279602e-02,
4.048023745417594910e-02,
-4.957217350602149963e-02,
-3.158836811780929565e-02,
-1.050907839089632034e-02,
1.260422542691230774e-02,
-3.701240941882133484e-02,
-2.429703436791896820e-02,
7.385809440165758133e-03,
-1.750586926937103271e-02,
1.322665624320507050e-02,
-9.300895780324935913e-02,
8.830738253891468048e-03,
-1.511617843061685562e-02,
-2.602261258289217949e-03,
-1.623877696692943573e-02,
-2.042907103896141052e-02,
2.380798198282718658e-02,
-2.121822349727153778e-02,
-8.219421841204166412e-03,
-1.299324445426464081e-02,
4.204187076538801193e-03,
-1.619431748986244202e-02,
-3.803497180342674255e-02,
-3.567168023437261581e-04,
1.895079761743545532e-02,
2.287433482706546783e-02,
-1.088906719814985991e-04,
9.197527542710304260e-03,
-1.105370558798313141e-02,
-1.184841617941856384e-02,
-1.104259118437767029e-02,
1.734956604195758700e-04,
5.549082532525062561e-03,
1.218186132609844208e-02,
-1.815052889287471771e-02,
-2.634216472506523132e-02,
2.178508043289184570e-02,
-2.369683235883712769e-02,
-2.307440154254436493e-02,
6.235423497855663300e-03,
-1.961768791079521179e-02,
2.887079026550054550e-03,
-2.611986733973026276e-02,
3.845733590424060822e-03,
-1.421309774741530418e-03,
3.521180525422096252e-02,
3.474498167634010315e-02,
-2.210741117596626282e-02,
7.791501004248857498e-03,
-6.207636557519435883e-03,
-5.340679083019495010e-03,
2.892080694437026978e-02,
-1.868404075503349304e-02,
2.172950655221939087e-03,
1.200402434915304184e-02,
-4.640444647520780563e-03,
-2.174062095582485199e-02,
2.347453683614730835e-02,
-1.145939715206623077e-02,
1.463824044913053513e-02,
1.277094800025224686e-02,
6.981507176533341408e-04,
2.923202142119407654e-02,
3.074363991618156433e-02,
-6.040913984179496765e-03,
7.358022499829530716e-03,
-1.845062896609306335e-02,
-1.867292635142803192e-02,
-7.163512520492076874e-03,
4.385914653539657593e-02,
1.840617135167121887e-02,
-3.705686703324317932e-02,
8.469506166875362396e-03,
-8.041584864258766174e-03,
2.665337920188903809e-02,
-1.650553382933139801e-02,
5.375135317444801331e-02,
-8.491735905408859253e-03,
-3.607876226305961609e-02,
1.771427225321531296e-03,
-3.598428447730839252e-04,
1.833948120474815369e-02,
-3.354457765817642212e-02,
5.741508211940526962e-04,
-1.279595657251775265e-03,
3.830172866582870483e-02,
-2.307440154254436493e-02,
-1.386020239442586899e-02,
9.486513212323188782e-03,
4.274766519665718079e-02,
6.624442990869283676e-03,
-1.637215539813041687e-02,
-4.084702581167221069e-03,
-5.032798275351524353e-02,
-5.990897305309772491e-03,
-1.063134148716926575e-02,
-3.829061519354581833e-03,
2.563081495463848114e-02,
-2.500838413834571838e-02,
-2.507507242262363434e-02,
1.893968321382999420e-02,
1.929535716772079468e-02,
-5.219527706503868103e-02,
1.274871826171875000e-02,
-4.671705028158612549e-05,
1.879796851426362991e-03,
-2.014008536934852600e-02,
1.863958127796649933e-02,
1.418253220617771149e-02,
1.069247350096702576e-02,
1.182618644088506699e-02,
5.168399307876825333e-03,
1.209433190524578094e-03,
2.016231417655944824e-02,
-2.489723637700080872e-02,
5.632999539375305176e-02,
-2.380798198282718658e-02,
1.040904503315687180e-02,
-2.972107566893100739e-02,
4.105820879340171814e-02,
1.194845046848058701e-02,
-3.942988347262144089e-03,
-4.288104176521301270e-02,
-3.236640617251396179e-02,
-3.612321987748146057e-02,
-2.520845085382461548e-02,
-7.619220763444900513e-03,
4.466775280889123678e-04,
3.836841881275177002e-02,
1.958434283733367920e-02,
4.056915640830993652e-02,
1.599425077438354492e-02,
-1.054242346435785294e-02,
-3.281100094318389893e-02,
-2.523068152368068695e-02,
-2.554189600050449371e-02,
-1.371570955961942673e-02,
-1.251530647277832031e-02,
1.038125809282064438e-02,
-2.698126714676618576e-03,
-1.087031047791242599e-02,
-3.783490508794784546e-02,
-1.368236448615789413e-02,
1.077583432197570801e-02,
3.198850154876708984e-02,
-2.172950655221939087e-02,
-7.374694570899009705e-03,
-6.219862774014472961e-02,
7.131279259920120239e-02,
-4.459272697567939758e-02,
-3.053801599889993668e-03,
4.796052351593971252e-03,
2.228524908423423767e-02,
-2.227413468062877655e-02,
6.602213531732559204e-02,
4.201408475637435913e-03,
-5.424040555953979492e-02,
-6.969003006815910339e-03,
5.487950984388589859e-03,
4.176400136202573776e-03,
-2.088477835059165955e-02,
1.581641286611557007e-02,
-2.774541266262531281e-03,
1.323777157813310623e-02,
1.227078028023242950e-02,
6.352129392325878143e-03,
1.299324445426464081e-02,
-2.387467026710510254e-02,
-1.179284229874610901e-02,
-3.020456992089748383e-03,
4.579313099384307861e-02,
-2.840952388942241669e-02,
3.065472096204757690e-02,
-2.331892773509025574e-02,
7.285775616765022278e-03,
-1.214295974932610989e-03,
-7.202414330095052719e-03,
2.068471163511276245e-02,
2.201849222183227539e-02,
6.974560208618640900e-03,
-2.217409946024417877e-02,
-5.785272922366857529e-03,
-6.815618276596069336e-02,
-2.796493098139762878e-02,
-1.121487095952033997e-02,
-1.237081363797187805e-02,
8.352800272405147552e-03,
1.396023575216531754e-02,
-3.296660631895065308e-02,
-1.530513074249029160e-02,
2.774263359606266022e-02,
2.440818212926387787e-02,
2.274095639586448669e-02,
2.909864485263824463e-02,
5.643558688461780548e-03,
-3.690125793218612671e-02,
2.242071059299632907e-04,
-1.564969122409820557e-02,
3.478944068774580956e-03,
5.690796766430139542e-03,
-1.687232218682765961e-02,
-2.195180393755435944e-03,
-3.503396734595298767e-02,
-1.439371425658464432e-02,
-1.849508844316005707e-02,
-1.098145917057991028e-02,
-3.416701033711433411e-02,
2.027346380054950714e-02,
1.462712604552507401e-02,
3.136607259511947632e-02,
-6.663344800472259521e-03,
4.341455549001693726e-02,
-5.815282836556434631e-02,
-2.516399137675762177e-02,
1.890633814036846161e-02,
9.736597537994384766e-03,
1.965103298425674438e-02,
3.512288630008697510e-02,
-2.045129984617233276e-02,
-3.792938310652971268e-03,
-4.832731187343597412e-02,
-2.289656549692153931e-02,
-4.454826936125755310e-02,
-5.597431957721710205e-02,
-1.790600270032882690e-02,
-4.115268588066101074e-03,
2.181842550635337830e-02,
2.067359723150730133e-02,
-2.406362211331725121e-03,
3.125492110848426819e-02,
-7.708139717578887939e-03,
-3.276653960347175598e-02,
3.043242357671260834e-02,
-2.140717580914497375e-02,
5.635222420096397400e-03,
1.880630478262901306e-02,
-2.752033621072769165e-02,
1.294878497719764709e-02,
-6.952330935746431351e-03,
3.578977659344673157e-03,
-1.705016009509563446e-02,
-1.620543189346790314e-02,
3.692210011649876833e-04,
-7.419154047966003418e-03,
-1.537181995809078217e-02,
-3.873520763590931892e-03,
2.634216472506523132e-02,
-5.576869472861289978e-03,
-2.311886101961135864e-02,
4.806055501103401184e-02,
-2.645331248641014099e-02,
3.912422806024551392e-02,
-4.026349633932113647e-03,
6.824510172009468079e-03,
1.703904569149017334e-02,
-2.109596133232116699e-02,
-1.590811065398156643e-03,
4.859406873583793640e-02,
8.600105065852403641e-04,
-4.886082559823989868e-02,
6.402146071195602417e-02,
1.747252419590950012e-02,
1.214851718395948410e-02,
5.543524865061044693e-03,
2.257423475384712219e-02,
4.668231680989265442e-02,
-7.219086866825819016e-03,
-1.269175438210368156e-03,
7.391366641968488693e-03,
1.536070555448532104e-02,
1.303770393133163452e-02,
1.423810701817274094e-02,
-3.436707705259323120e-02,
-1.406026910990476608e-02,
-3.739031404256820679e-02,
4.125827550888061523e-02,
-1.932870224118232727e-02,
3.370018675923347473e-02,
-7.341349963098764420e-03,
-3.601207165047526360e-03,
-5.659675225615501404e-02,
-3.189958259463310242e-02,
1.843951456248760223e-02,
-3.136607259511947632e-02,
1.609428413212299347e-02,
4.379245918244123459e-03,
-2.755090361461043358e-03,
1.895079761743545532e-02,
2.752033621072769165e-02,
-1.020342018455266953e-02,
2.529736980795860291e-02,
-8.024912327527999878e-03,
-6.918986327946186066e-03,
5.532410461455583572e-03,
-3.192737000063061714e-03,
-6.352129392325878143e-03,
4.045800864696502686e-02,
-2.012897096574306488e-02,
-2.540782443247735500e-04,
-2.109040273353457451e-03,
4.602237313520163298e-04,
-3.348344704136252403e-03,
2.325223945081233978e-02,
3.976888954639434814e-02,
-6.641115061938762665e-03,
6.443132297135889530e-04,
-1.657222211360931396e-02,
-8.630671538412570953e-03,
-1.597202196717262268e-02,
6.042025610804557800e-02,
-1.582474913448095322e-03,
2.356345579028129578e-02,
-3.562305355444550514e-03,
-3.362238348927348852e-04,
1.761701703071594238e-02,
-1.070914603769779205e-02,
-3.740142798051238060e-03,
1.003669761121273041e-02,
-4.937766585499048233e-03,
3.136607259511947632e-02,
3.014343790709972382e-02,
-2.983222343027591705e-02,
2.334115840494632721e-02,
-1.413807272911071777e-02,
3.630105778574943542e-02,
1.657222211360931396e-02,
1.342672389000654221e-02,
-2.010674029588699341e-02,
1.444928813725709915e-02,
-1.201513875275850296e-02,
1.770558883436024189e-04,
1.218463992699980736e-03,
2.060690894722938538e-02,
-2.258534915745258331e-02,
3.545632958412170410e-02,
-9.614334441721439362e-03,
-1.065357122570276260e-02,
-4.472610354423522949e-02,
2.091812342405319214e-02,
3.117711748927831650e-03,
-2.834283513948321342e-03,
-1.270425878465175629e-02,
3.865740448236465454e-02,
-3.901308029890060425e-02,
-2.692013606429100037e-02,
-1.370459422469139099e-02,
-2.814276888966560364e-02,
4.565975069999694824e-02,
-6.028687581419944763e-02,
9.625448845326900482e-03,
-2.796493098139762878e-02,
1.962880231440067291e-02,
1.270425878465175629e-02,
-4.632108379155397415e-03,
4.230307042598724365e-02,
-1.815052889287471771e-02,
-4.284769762307405472e-03,
-9.647678583860397339e-03,
-4.094706103205680847e-02,
-1.342672389000654221e-02,
-2.465270832180976868e-02,
-1.506060478277504444e-03,
-3.353902138769626617e-03,
9.842188097536563873e-03,
-2.314109168946743011e-02,
-1.390466187149286270e-02,
4.132496565580368042e-02,
-1.224855054169893265e-02,
-1.334891933947801590e-02,
4.512623883783817291e-03,
2.298548258841037750e-02,
-1.227078028023242950e-02,
1.603871025145053864e-02,
-2.820945717394351959e-02,
8.991903625428676605e-03,
8.274996653199195862e-03,
-7.819288410246372223e-03,
-2.498615346848964691e-02,
3.043242357671260834e-02,
-1.737249083817005157e-02,
3.963550925254821777e-02,
3.332228213548660278e-02,
-2.818722650408744812e-02,
2.932094037532806396e-02,
-3.979111555963754654e-03,
4.074699431657791138e-02,
-9.970009326934814453e-03,
1.054798066616058350e-02,
-1.473827380686998367e-02,
8.047142066061496735e-03,
4.659339785575866699e-02,
-5.440712906420230865e-03,
-3.605653345584869385e-02,
1.032568421214818954e-02,
3.445599460974335670e-03,
1.643884368240833282e-02,
1.790600270032882690e-02,
-6.857854779809713364e-03,
4.703799262642860413e-02,
4.034685902297496796e-03,
2.745364792644977570e-02,
4.592650756239891052e-02,
2.554189600050449371e-02,
-3.592315316200256348e-02,
2.688401378691196442e-03,
4.850514978170394897e-02,
-3.338897228240966797e-02,
3.690125793218612671e-02,
-1.920088194310665131e-03,
-1.614985801279544830e-02,
4.863852635025978088e-02,
2.099592797458171844e-02,
1.064245682209730148e-02,
-4.868298768997192383e-03,
3.992449492216110229e-02,
-5.179513990879058838e-02,
-7.346907630562782288e-03,
2.325223945081233978e-02,
-3.194404393434524536e-02,
-2.021511085331439972e-03,
-1.386020239442586899e-02,
-1.462712604552507401e-02,
1.043683197349309921e-02,
2.085143513977527618e-02,
-1.920643821358680725e-02,
-2.198514901101589203e-02,
-2.274095639586448669e-02,
3.410032019019126892e-02,
-3.543410077691078186e-02,
-1.569415070116519928e-02,
1.796157658100128174e-02,
1.596090570092201233e-02,
-2.794270031154155731e-02,
2.049575932323932648e-02,
2.074028551578521729e-02,
1.134269125759601593e-02,
-2.660891972482204437e-02,
7.619220763444900513e-03,
2.625880297273397446e-03,
-3.153835132252424955e-04,
4.863852635025978088e-02,
1.637215539813041687e-02,
-1.846174523234367371e-02,
-3.334451094269752502e-02,
-2.925425209105014801e-02,
9.625448845326900482e-03,
-3.025458753108978271e-02,
-7.224644068628549576e-03,
8.764049038290977478e-03,
9.719925001263618469e-03,
2.616432681679725647e-02,
1.451875665225088596e-03,
3.988003730773925781e-02,
-2.381353871896862984e-03,
1.657222211360931396e-02,
-9.286446496844291687e-03,
1.307104900479316711e-02,
1.459378097206354141e-02,
-1.770593598484992981e-02,
-6.019796058535575867e-02,
1.614430104382336140e-03,
-2.242418471723794937e-03,
1.484942249953746796e-02,
1.596090570092201233e-02,
-3.281100094318389893e-02,
2.694236487150192261e-02,
3.747923299670219421e-02,
1.335864537395536900e-03,
6.163177080452442169e-03,
4.048023745417594910e-02,
-3.854069858789443970e-03,
-1.424922142177820206e-02,
6.113160401582717896e-03,
-1.298213005065917969e-02,
4.363685101270675659e-02,
2.474162727594375610e-02,
2.011785516515374184e-03,
3.227748721837997437e-02,
-1.786154322326183319e-02,
-3.663450479507446289e-02,
-1.536070555448532104e-02,
3.063249215483665466e-02,
-2.327447012066841125e-02,
-3.003229014575481415e-02,
-3.092147782444953918e-02,
1.073137577623128891e-02,
1.643606577999889851e-03,
3.356681019067764282e-02,
-3.253868548199534416e-03,
-1.056465320289134979e-02,
-1.484942249953746796e-02,
-1.420476194471120834e-02,
-3.865740448236465454e-02,
1.190399099141359329e-02,
-2.907641418278217316e-02,
-1.151497103273868561e-02,
-1.105926278978586197e-02,
1.992890238761901855e-02,
-1.025899499654769897e-02,
1.713907904922962189e-02,
-3.372241556644439697e-02,
-2.078474499285221100e-02,
1.199013087898492813e-03,
3.374464437365531921e-02,
-9.586547501385211945e-03,
-1.316413516178727150e-03,
-1.088142581284046173e-02,
-5.192852020263671875e-02,
2.391912974417209625e-02,
7.591433823108673096e-03,
-2.111819013953208923e-02,
8.825181052088737488e-03,
2.238528244197368622e-02,
-1.034235581755638123e-02,
3.362238174304366112e-03,
3.656781511381268501e-03,
-4.272543266415596008e-02,
-3.621213883161544800e-02,
4.420926328748464584e-03,
-3.437263425439596176e-03,
4.359239339828491211e-02,
9.558759629726409912e-03,
2.354122512042522430e-02,
4.139165580272674561e-02,
5.173956975340843201e-03,
1.629435084760189056e-02,
2.900972589850425720e-02,
3.183289244771003723e-02,
1.887299306690692902e-02,
5.604656878858804703e-03,
-1.124682603403925896e-03,
-1.440482866019010544e-02,
5.332343280315399170e-03,
2.004005201160907745e-02,
1.671671494841575623e-02,
-3.890193067491054535e-03,
2.128491364419460297e-02,
-5.379581358283758163e-03,
-1.918420940637588501e-02,
1.185953151434659958e-02,
-2.698682434856891632e-02,
-1.490499638020992279e-02,
4.010233283042907715e-02,
-4.323671758174896240e-02,
-1.796435564756393433e-03,
1.280429214239120483e-02,
-1.632769592106342316e-02,
-1.569415070116519928e-02,
1.150385662913322449e-02,
1.211517304182052612e-02,
2.856513112783432007e-02,
-1.743640052154660225e-03,
1.323777157813310623e-02,
1.924256212078034878e-03,
1.979552581906318665e-02,
-6.730034016072750092e-03,
-1.869515702128410339e-02,
-1.499391533434391022e-02,
-6.063143722712993622e-03,
-6.957888137549161911e-03,
7.141282781958580017e-03,
1.831169473007321358e-03,
2.369683235883712769e-02,
-1.172615308314561844e-02,
4.810501635074615479e-02,
2.324390457943081856e-03,
3.314444422721862793e-02,
-1.633881032466888428e-02,
-7.302448153495788574e-03,
-2.259646356105804443e-02,
2.385244145989418030e-02,
-3.412254899740219116e-02,
-3.981890622526407242e-03,
-3.094370663166046143e-02,
-7.847075350582599640e-03,
3.798495745286345482e-03,
-1.470492966473102570e-02,
9.269773960113525391e-03,
-3.690125886350870132e-03,
-2.138494700193405151e-02,
2.989891218021512032e-03,
2.385244145989418030e-02,
4.414813220500946045e-02,
1.391577627509832382e-02,
9.430939331650733948e-03,
5.392919108271598816e-02,
-6.279882974922657013e-03,
-5.093374289572238922e-03,
4.223638027906417847e-02,
-1.169280894100666046e-02,
2.030680701136589050e-02,
2.334115840494632721e-02,
-1.472715940326452255e-02,
-4.662674386054277420e-03,
2.880965732038021088e-02,
-6.237646564841270447e-02,
4.543189890682697296e-03,
3.189958259463310242e-02,
2.747587859630584717e-02,
6.896756589412689209e-03,
1.122598536312580109e-03,
2.338561788201332092e-02,
2.787601202726364136e-02,
1.025343779474496841e-02,
-3.901307936757802963e-03,
1.786154322326183319e-02,
3.859627293422818184e-03,
1.094255689531564713e-02,
1.446040347218513489e-02,
-1.669448614120483398e-02,
-1.926201209425926208e-02,
2.498615346848964691e-02,
-2.063191728666424751e-03,
-6.413260940462350845e-03,
8.347243070602416992e-03,
7.747041527181863785e-03,
-4.898864310234785080e-03,
1.718353852629661560e-02,
-7.980452850461006165e-03,
8.947444148361682892e-03,
-1.630546711385250092e-02,
4.429262597113847733e-03,
-1.467158552259206772e-02,
1.461601117625832558e-03,
-3.427815809845924377e-02,
-1.845062943175435066e-03,
-1.601648144423961639e-02,
-2.738695964217185974e-02,
-4.340344108641147614e-03,
-2.545297704637050629e-02,
5.841958522796630859e-02,
5.137833766639232635e-03,
1.300435978919267654e-02,
-2.646720735356211662e-03,
8.091601543128490448e-03,
-9.036363102495670319e-03,
1.349758007563650608e-03,
1.859512366354465485e-02,
2.221578033640980721e-03,
4.505955055356025696e-02,
-7.785943336784839630e-03,
4.134719260036945343e-03,
2.435538684949278831e-03,
3.181066364049911499e-02,
1.873961649835109711e-02,
-2.465270832180976868e-02,
-9.981123730540275574e-03,
-2.803161926567554474e-02,
-3.794674921664409339e-05,
-4.355626879259943962e-04,
-7.669237907975912094e-03,
1.929535716772079468e-02,
-7.217697566375136375e-04,
3.772375732660293579e-02,
6.680017337203025818e-03,
-1.431591063737869263e-02,
-4.045800771564245224e-03,
7.180185057222843170e-03,
2.994337119162082672e-02,
-5.023906473070383072e-03,
3.376687690615653992e-02,
2.261869423091411591e-02,
1.991778798401355743e-02,
-2.565304376184940338e-02,
-4.579313099384307861e-03,
-1.581085612997412682e-03,
-8.036027662456035614e-03,
-2.193791093304753304e-03,
-2.456379123032093048e-02,
-5.990897305309772491e-03,
-1.218186132609844208e-02,
2.980999276041984558e-02,
-1.594979129731655121e-02,
-1.468269992619752884e-02,
1.294878497719764709e-02,
-2.954323776066303253e-02,
-2.363014407455921173e-02,
-1.184841617941856384e-02,
1.762813143432140350e-02,
1.468269992619752884e-02,
1.154831610620021820e-02,
7.385809440165758133e-03,
2.803161926567554474e-02,
-2.246308699250221252e-02,
-9.047477506101131439e-03,
-1.418531057424843311e-03,
4.034686088562011719e-02,
2.469716779887676239e-02,
5.879749078303575516e-03,
-1.414918806403875351e-02,
-2.202127128839492798e-03,
1.318219676613807678e-02,
-2.952100709080696106e-02,
-1.344895269721746445e-02,
-2.610597293823957443e-03,
1.781708374619483948e-02,
-3.374464437365531921e-02,
-3.092147782444953918e-02,
6.168734747916460037e-03,
4.152503237128257751e-02,
2.028457820415496826e-02,
-3.358903899788856506e-02,
-5.499065853655338287e-03,
2.563081495463848114e-02,
9.414266794919967651e-03,
2.672006934881210327e-02,
2.494169399142265320e-02,
-1.486053783446550369e-02,
-7.541417144238948822e-03,
-1.950654014945030212e-02,
1.830613613128662109e-02,
5.321228411048650742e-03,
1.391577627509832382e-02,
2.127101877704262733e-03,
1.759478822350502014e-02,
1.822833344340324402e-02,
-1.552742812782526016e-02,
-1.683897897601127625e-02,
-8.308340795338153839e-03,
-7.524745073169469833e-03,
-1.876184530556201935e-02,
3.948546014726161957e-03,
9.153068065643310547e-03,
-8.602883666753768921e-03,
-1.520509738475084305e-02,
1.711685024201869965e-02,
1.311550755053758621e-02,
1.005337014794349670e-02,
2.086254954338073730e-02,
1.950654014945030212e-02,
3.663450479507446289e-02,
-3.039907896891236305e-03,
2.227413468062877655e-02,
4.365907981991767883e-02,
-2.625880297273397446e-03,
5.246203392744064331e-03,
-1.952876895666122437e-02,
-2.066248282790184021e-02,
-3.181066364049911499e-02,
-4.404254257678985596e-03,
1.294878497719764709e-02,
-4.014679044485092163e-02,
1.337114907801151276e-02,
-2.687567658722400665e-02,
3.441153466701507568e-02,
2.087366394698619843e-02,
-3.741254284977912903e-02,
1.526067126542329788e-02,
1.658333651721477509e-02,
-2.460824884474277496e-02,
8.491735905408859253e-03,
1.637215539813041687e-02,
-4.068030510097742081e-03,
-2.221855893731117249e-02,
1.407138444483280182e-02,
-2.007339522242546082e-02,
-2.625324577093124390e-02,
6.541081704199314117e-03,
2.268538251519203186e-02,
-5.282326601445674896e-03,
1.059799734503030777e-02,
9.175297804176807404e-03,
6.717529613524675369e-04,
1.867292635142803192e-02,
2.934317104518413544e-02,
-2.195180422859266400e-04,
1.618320308625698090e-02,
2.224078960716724396e-02,
-2.660891972482204437e-02,
-1.597202196717262268e-02,
-5.023906379938125610e-02,
1.953988336026668549e-02,
-1.519398298114538193e-02,
-4.748814273625612259e-03,
1.612762920558452606e-02,
5.565754603594541550e-03,
-1.323777157813310623e-02,
-1.258199568837881088e-02,
1.074804738163948059e-02,
1.686763425823301077e-05,
4.862741101533174515e-03,
-1.378934481181204319e-03,
-4.343678429722785950e-02,
2.154055424034595490e-02,
-8.263881318271160126e-03,
1.340449415147304535e-02,
-1.004781294614076614e-02,
1.330445986241102219e-02,
2.705351449549198151e-02,
1.458266656845808029e-02,
-9.636564180254936218e-03,
1.067580096423625946e-02,
-5.379581078886985779e-02,
8.736262097954750061e-03,
2.257423475384712219e-02,
-2.749810740351676941e-02,
-1.013673190027475357e-02,
2.440818212926387787e-02,
1.079806406050920486e-02,
-1.032012607902288437e-02,
-1.360456086695194244e-02,
-7.752599194645881653e-03,
1.496057119220495224e-02,
-3.287213155999779701e-03,
1.482719276100397110e-02,
3.887414233759045601e-03,
-4.385914653539657593e-02,
2.383021079003810883e-02,
2.970440313220024109e-03,
-3.372241556644439697e-02,
-1.494945585727691650e-02,
-5.668567121028900146e-02,
-1.526067126542329788e-02,
1.663057482801377773e-03,
-2.291879430413246155e-02,
-1.845062896609306335e-02,
-2.101815678179264069e-02,
-7.202414330095052719e-03,
1.710573397576808929e-02,
-2.745364792644977570e-02,
3.854625672101974487e-02,
-9.958893992006778717e-03,
-7.441383786499500275e-03,
6.341014523059129715e-03,
9.380922652781009674e-03,
2.175173722207546234e-02,
3.261093422770500183e-02,
-2.785378135740756989e-02,
2.740918844938278198e-02,
1.373793929815292358e-02,
7.791501004248857498e-03,
-1.858956529758870602e-03,
3.294437751173973083e-02,
2.714243344962596893e-02,
-2.698682434856891632e-02,
-8.563982322812080383e-03,
-1.159416511654853821e-03,
-1.043683197349309921e-02,
5.318449810147285461e-03,
-3.425592929124832153e-02,
7.598102837800979614e-02,
-4.056915640830993652e-02,
-1.075360551476478577e-02,
1.070914603769779205e-02,
1.700570061802864075e-02,
7.719254586845636368e-03,
1.963991671800613403e-02,
1.200402434915304184e-02,
5.646337196230888367e-02,
-1.477161888033151627e-02,
-2.353566698729991913e-03,
1.139270793646574020e-02,
-4.985004663467407227e-03,
-3.183289244771003723e-02,
-1.026455219835042953e-02,
-1.569970743730664253e-03,
1.638326980173587799e-02,
-3.903530910611152649e-02,
-3.879078105092048645e-02,
1.865069754421710968e-02,
-1.010338682681322098e-02,
-2.617544261738657951e-03,
-1.421587727963924408e-02,
-1.002558320760726929e-02,
8.124945685267448425e-03,
-3.421146795153617859e-02,
-1.308216340839862823e-02,
-1.322665624320507050e-02,
-5.246203392744064331e-03,
3.890193067491054535e-03,
1.085919607430696487e-02,
1.671671494841575623e-02,
-2.370239002630114555e-03,
-4.552637413144111633e-02,
-2.423034608364105225e-02,
1.554965693503618240e-02,
1.803938113152980804e-02,
-2.712020277976989746e-02,
-4.008010402321815491e-02,
-4.588204994797706604e-02,
1.313773728907108307e-02,
6.924543529748916626e-03,
-9.758827276527881622e-03,
2.658669091761112213e-02,
-1.582752913236618042e-02,
8.752934634685516357e-03,
1.811718568205833435e-02,
-7.308005355298519135e-03,
4.154726117849349976e-02,
2.009562589228153229e-02,
2.125156857073307037e-02,
3.483390063047409058e-02,
-3.345566103234887123e-03,
-2.331892773509025574e-02,
-3.678316425066441298e-04,
1.073137577623128891e-02,
1.083140913397073746e-02,
-3.039907896891236305e-03,
-2.364681567996740341e-03,
1.967326179146766663e-02,
-3.061026148498058319e-02,
1.027566753327846527e-02,
-3.392804181203246117e-03,
-2.752033621072769165e-02,
2.959325443953275681e-03,
1.918420940637588501e-02,
1.788377389311790466e-02,
-3.587869554758071899e-02,
3.612321987748146057e-02,
8.752934634685516357e-03,
1.088698301464319229e-02,
1.938427612185478210e-02,
-1.474938914179801941e-02,
2.380798198282718658e-02,
7.947108708322048187e-03,
-2.154055424034595490e-02,
2.302994206547737122e-02,
6.852297112345695496e-03,
-2.327447012066841125e-02,
-1.309327874332666397e-02,
7.446940871886909008e-04,
2.767594531178474426e-03,
2.809830941259860992e-02,
1.747808186337351799e-03,
4.023570939898490906e-02,
-2.543074823915958405e-02,
-5.517405271530151367e-02,
-5.393474828451871872e-03,
-2.605317905545234680e-02,
-1.507449778728187084e-03,
-4.262540023773908615e-03,
1.184841617941856384e-02,
5.481003900058567524e-04,
-1.404915470629930496e-02,
2.072917064651846886e-03,
1.538293436169624329e-02,
9.853303432464599609e-03,
8.969673886895179749e-03,
7.635893300175666809e-03,
3.363974974490702152e-04,
1.351564191281795502e-02,
2.456379123032093048e-02,
1.706127449870109558e-02,
-2.264648210257291794e-03,
1.739471964538097382e-02,
-1.424922142177820206e-02,
1.675006002187728882e-02,
-7.085708901286125183e-03,
1.498280093073844910e-02,
4.490394145250320435e-02,
7.424711249768733978e-03,
1.074249017983675003e-02,
4.409811459481716156e-03,
-3.583423420786857605e-02,
4.005787521600723267e-02,
-2.774263359606266022e-02,
-1.506060454994440079e-02,
-1.526067126542329788e-02,
1.692789793014526367e-02,
1.650553382933139801e-02,
2.334115840494632721e-02,
3.748478833585977554e-03,
7.519187405705451965e-03,
2.329669892787933350e-02,
3.189958259463310242e-02,
9.219757281243801117e-03,
8.552866987884044647e-03,
6.446605920791625977e-02,
-1.672783051617443562e-03,
-2.969884499907493591e-02,
-3.263316303491592407e-02,
3.901308029890060425e-02,
-7.669237907975912094e-03,
-1.131629338487982750e-03,
-9.631006047129631042e-03,
3.352234885096549988e-02,
-5.579648539423942566e-03,
-3.621213883161544800e-02,
5.474057514220476151e-03,
1.921755447983741760e-02,
-7.685909979045391083e-03,
6.429933477193117142e-03,
1.996224746108055115e-02,
-1.126488763839006424e-02,
-1.522732712328433990e-02,
-5.187850445508956909e-03,
1.898414269089698792e-02,
-1.319331210106611252e-02,
-1.472715986892580986e-03,
3.612321987748146057e-02,
1.177061256021261215e-02,
-9.869975969195365906e-03,
-2.263258676975965500e-03,
1.806161017157137394e-03,
-2.567527443170547485e-02,
1.347674056887626648e-03,
-2.060690894722938538e-02,
-2.036238275468349457e-02,
1.634992472827434540e-02,
-4.261428490281105042e-02,
1.546073891222476959e-02,
-4.534853622317314148e-02,
6.852297112345695496e-03,
-5.946437828242778778e-03,
-2.736472897231578827e-02,
-1.148162689059972763e-02,
-2.849844284355640411e-02,
-2.883188799023628235e-02,
3.012120909988880157e-02,
2.693958580493927002e-03,
-1.358233112841844559e-02,
-1.084252353757619858e-02,
4.287548363208770752e-03,
-2.409696765244007111e-02,
9.819958359003067017e-03,
4.030239954590797424e-02,
4.020792432129383087e-03,
1.067024422809481621e-03,
6.974560208618640900e-03,
