5.796617525629699057e-03,
-1.851442869519814849e-02,
5.449906317517161022e-03,
1.238457788422238012e-02,
7.129017735132947217e-03,
-5.170942527183797037e-03,
-1.437610497814603185e-02,
1.495667912531644175e-02,
-9.004138741875066659e-03,
7.454631445762060701e-03,
2.718488251557573537e-02,
-3.753440540458541450e-03,
-1.996983214630745213e-02,
5.761987529695033593e-04,
1.860904416535049538e-02,
1.214907896355725894e-02,
-4.543463955633342613e-03,
1.725672208704054399e-03,
6.430926744360476906e-03,
2.872622822178527713e-02,
4.726948680217901884e-03,
1.324335504323244025e-02,
1.121622213395312428e-02,
3.512503986712545156e-02,
-1.272367634810507228e-02,
-2.801628573797643098e-03,
1.049130356404930423e-02,
6.494608242064714161e-05,
2.778905739542096923e-02,
-1.460443960968404965e-03,
1.332663818029686774e-02,
-3.434890154749155322e-02,
-1.185666428646072780e-02,
-7.385798887116834695e-03,
9.815228963270783077e-03,
3.663457625079900165e-02,
7.634528173366561359e-03,
-1.422424877528101136e-02,
1.233497498324140872e-02,
-2.269529160112142632e-02,
2.395674597937613899e-03,
-3.099741650803480159e-02,
2.186823827214539120e-02,
1.491388222202658619e-02,
-6.513528060168027878e-03,
-5.468284015660174018e-03,
-7.426518492866307670e-03,
-1.895574297086568410e-02,
1.117499762913212215e-02,
2.623199601657688618e-02,
-1.511145411641337012e-02,
-1.810086581390351126e-02,
9.289690083824098457e-03,
4.217575641814619129e-03,
-1.564452494785655359e-02,
-6.641266592487227519e-03,
-1.022859493969008327e-02,
1.775796298607019638e-02,
-2.601276326458901275e-04,
-1.557844026247039507e-02,
8.685048174811527133e-03,
-1.073264247970655630e-02,
-1.226095517631620255e-03,
9.939937981835100453e-03,
-2.490740523426211370e-02,
5.712570438481634830e-03,
-1.399715000297874299e-03,
1.023547689255792717e-02,
-3.993136750068515539e-03,
5.374570144340395927e-03,
3.696296270936727524e-02,
7.175505138002335678e-03,
2.363031238201074129e-03,
1.670656440546736121e-02,
-1.689745357725769281e-02,
-1.567084778507705708e-02,
-2.110887670714873751e-02,
6.467214412987231861e-03,
6.047728238627314568e-04,
-1.686844629002735158e-02,
4.749965574592352087e-03,
8.718886727001518358e-03,
1.022013153269654175e-02,
-1.698756285331910407e-02,
-2.506350994808599283e-02,
-7.907167694065719496e-03,
-7.501176645746454597e-03,
-5.707135918783023953e-03,
-6.846516684163361788e-03,
3.541560639860108495e-03,
-2.800943027250468557e-03,
-1.724777562776580366e-03,
-5.369673774112015963e-03,
2.039990969933569431e-03,
7.582265231758355921e-03,
1.175959423417225445e-02,
-8.937256108038128116e-03,
2.095185649523045868e-02,
1.067482004873454527e-03,
7.633393505238927554e-03,
1.547256566991563921e-02,
-2.254927053581923246e-02,
-1.459278848105896066e-02,
-2.491052995901554910e-03,
1.555559545522555709e-02,
2.070951485948171328e-02,
5.461339838802814484e-03,
-8.958497748244554151e-03,
-1.420888499851571431e-02,
1.335785312403459145e-03,
-4.965639067813754082e-02,
1.175568475155159762e-02,
-1.214827927396982046e-02,
3.439733937848359069e-02,
-3.475207561859860843e-03,
-1.905171538237482353e-03,
-6.556111450481694365e-03,
6.528316932963207711e-03,
1.288634863449260662e-02,
-6.151293526636436235e-03,
7.642713297514092119e-03,
1.192349051416386006e-03,
6.530214968836389917e-03,
-9.021726367063821056e-03,
2.653775201179086989e-03,
-1.532701669457310276e-02,
-4.361686512129381472e-03,
5.571368802338838751e-03,
-2.280343815509695490e-02,
4.670256399549543858e-03,
7.164363909396342933e-03,
-7.555600046180189003e-03,
5.735376392840408136e-03,
-2.159228498348966102e-02,
-2.404717153403907945e-02,
-3.006322612054646189e-03,
-1.100781172281131183e-02,
-1.575444481568411079e-03,
-2.213545622071251204e-02,
1.729515180923044820e-02,
2.386264976812526445e-02,
7.559881662018597560e-04,
3.749854083434911271e-03,
6.177854456473142256e-03,
1.463483710540458560e-02,
-6.713384931208566178e-03,
2.297973600798286584e-03,
2.019699109951034188e-02,
1.721985994081478427e-02,
-1.275917384773492778e-02,
-3.255020314827561552e-03,
-3.413928707595914689e-03,
-2.668407331220805714e-02,
2.525879965978674452e-02,
2.623235305072739790e-02,
-2.867639869800768862e-02,
1.163153734814841370e-02,
2.824230719124898141e-03,
-1.595351808937266538e-02,
1.524041010998189449e-02,
-9.652123079285956572e-03,
-4.634375325986183833e-03,
-1.434406295884400537e-02,
-1.149794133380055428e-02,
-3.447595582110807386e-03,
1.287417291314341128e-02,
-1.738429806282510912e-02,
-1.876138477819040348e-02,
-3.023468269966542860e-02,
-1.611129270750098069e-02,
-1.854735251399688284e-02,
-1.705490530875976990e-02,
-1.864780255127698044e-02,
1.470666842651553383e-02,
1.802759250276721875e-02,
-9.907823888352141478e-03,
-8.521689895133022219e-03,
5.114924174267798836e-03,
6.103426608024165208e-03,
5.703084834385663618e-03,
5.343645694665611007e-04,
2.452055376488715410e-02,
1.091676646610722015e-02,
-1.334900209621991962e-02,
6.528030406479956235e-03,
-1.051396827679127420e-02,
1.397180586063768645e-02,
2.142519497429020564e-02,
9.088860406336607412e-03,
7.965495358803309067e-04,
-2.352004451677203178e-02,
1.221925042918883299e-02,
4.551820328924804752e-03,
-4.606010514544322740e-03,
1.054376597749069264e-02,
-1.329922361765056805e-03,
2.385141738341189921e-02,
3.678460442461073572e-03,
-4.945232905447483410e-03,
1.039587949198903481e-02,
-1.393586429476272384e-02,
-1.157667314691934648e-03,
8.578030520584433577e-03,
-3.740252481657080439e-03,
-2.472427443135529618e-02,
-1.124669497658032855e-02,
8.078477272647433200e-04,
-1.169604277238249848e-02,
-2.325532776885665814e-02,
-3.864417371369199914e-03,
1.937461732304655154e-02,
-9.777826734352856181e-03,
-4.403203478796057987e-03,
1.029510621447116137e-02,
-6.116808715160004621e-03,
-7.178705319529399102e-03,
1.445678460877388750e-02,
2.372098929772619227e-02,
1.295146818738430669e-02,
2.977769944700412591e-02,
-1.265686439583077992e-02,
6.026000317069702197e-03,
3.468491842504591027e-02,
1.758764712139964173e-02,
-1.040186439458921051e-02,
1.538092093978775735e-02,
2.802045644493773510e-02,
-6.448612429085187787e-03,
1.940546458354219838e-03,
-1.473289063433185289e-02,
1.769603228312916984e-02,
-1.129359710030257771e-02,
-1.814531587879173596e-02,
-2.891890692990273237e-02,
-8.746763801900670279e-03,
4.841169435530900608e-03,
1.485945822787471116e-02,
-3.383485412341542820e-02,
-1.377483886317349901e-02,
1.936386675879475661e-03,
-7.477057439973578030e-03,
3.036079113371670355e-04,
-6.263648712774738669e-03,
-1.413396146381273866e-02,
-1.533920596702955698e-02,
1.407378227449953591e-02,
-8.664956613210960876e-03,
-1.766654161037877271e-02,
1.365808543050661770e-03,
6.283600791357457291e-03,
1.694241354707628350e-02,
2.183055127679835866e-02,
-1.250919339727261069e-02,
-1.252481865230947733e-02,
-2.978251185268163820e-02,
-1.036072904244065250e-02,
2.033802196965552728e-02,
8.672200108412653555e-03,
6.992774130776524370e-03,
-2.425668697469518520e-03,
-2.359819386037997901e-02,
-3.650341602042317564e-03,
-1.253444985486567090e-02,
-4.356947931228205562e-03,
-9.402839382528328099e-03,
1.260561484668869595e-02,
-6.253895326517521988e-03,
-1.938565837917849422e-03,
1.382548824185505544e-02,
-2.220412745373323560e-02,
-1.063305400311946938e-02,
3.897202893858775410e-03,
-1.614012100617401193e-04,
-2.942115563200786710e-03,
-2.927287778002209823e-02,
1.786103069316595862e-02,
-3.668364894110709646e-04,
2.117743609414901584e-02,
-1.550264834659174050e-02,
1.362363974021718604e-02,
-1.118172425776720101e-04,
-2.138681791257113132e-03,
2.525970969581976464e-02,
-4.448930453509092504e-03,
-1.825558947166427883e-03,
1.574846117291599581e-02,
-9.570746123790741314e-03,
2.006741430377587815e-02,
2.218192387226736173e-02,
-3.035549167543649760e-03,
-4.134646014426835228e-03,
-7.504304731264710079e-03,
1.954220524348784099e-02,
-7.561177469324320381e-03,
1.307764860393945214e-03,
-4.251396923791617155e-03,
1.509105544537305867e-02,
1.748059404781088146e-03,
6.050235987640917128e-03,
8.968430437380447290e-03,
4.266638569533824643e-02,
-1.692886350792832716e-03,
2.310432039666921074e-03,
1.110119684599339927e-02,
-1.470325324626173789e-02,
1.495649204589426587e-02,
-1.364949753042310433e-03,
-1.871450617909431458e-02,
4.337141360156238253e-03,
2.144873434444889357e-02,
-1.214606121648103068e-02,
7.783434493467212070e-03,
7.989444711711257696e-03,
-2.716578936087898910e-03,
-1.860810421640053322e-02,
-1.971014647278934717e-02,
-5.254452116787433794e-06,
-1.308205677196383476e-02,
-8.060656028101220380e-03,
-1.609163608663948322e-02,
2.133910732809454064e-02,
-1.585190022597089340e-02,
1.501140481559559790e-03,
6.755393452476709908e-03,
3.599639996537007391e-03,
-1.297420903574675235e-03,
9.162072590697789565e-03,
2.010843988973647425e-02,
-5.227086474769748400e-03,
5.268287379294634299e-04,
-3.020748770795762470e-02,
-1.531897599343210424e-02,
-4.109686799347400318e-03,
2.177832408342510531e-02,
2.302088592041400331e-02,
-2.825866050552576850e-02,
-1.766465981490910123e-02,
2.250399874465074460e-02,
-1.284535592421889340e-02,
-2.465062766859773408e-02,
-2.851521094853524257e-02,
-2.326069672344601574e-02,
-2.018802592065185170e-02,
4.871028719935566360e-03,
-4.598322772653773600e-03,
-2.537318854592740319e-04,
1.271044843015261064e-02,
-2.775250613922253251e-03,
1.345682188402861322e-02,
1.879977636272087832e-02,
-6.140293236239813095e-03,
1.099048548494465684e-02,
1.042440267046913435e-02,
-2.582598768640309789e-04,
8.190891146659851421e-03,
-1.005660668015479972e-02,
1.163266415242105757e-02,
-9.137748120701871465e-03,
1.162268957123160397e-02,
1.372564080520533025e-02,
-4.686172326910309320e-03,
4.324932306190021336e-03,
1.608698774307413398e-02,
7.848906971048563719e-03,
-1.568682955112308403e-02,
3.525439702934818429e-03,
-1.125826081261038780e-02,
-1.088547759572975303e-02,
1.798784224665723672e-02,
1.472764718864709790e-02,
-2.282942981255473708e-02,
-3.627576640428742567e-03,
-9.521359467180445443e-03,
-1.320442474097944727e-02,
-2.499304831726476689e-02,
1.561664838372962480e-02,
-5.702905237558297986e-03,
9.298600576585158706e-03,
5.782505975366803233e-03,
-2.318792658479651523e-03,
-2.856761532893869852e-03,
7.604991731932386409e-03,
-4.053207486867904663e-02,
-1.313940071850083768e-02,
2.906869392609223637e-03,
2.317868639947846462e-02,
7.535290718078613108e-03,
-1.381061491556465591e-02,
-2.328195316949859331e-02,
-1.832965267822146346e-02,
2.418335748370736837e-02,
-6.946946610696614005e-04,
1.271387308952398598e-02,
2.520654331310652127e-02,
2.384966129902750184e-02,
-2.586271623658831405e-03,
2.729262126376852220e-03,
3.707870985381304940e-02,
3.022299036383628915e-02,
6.023599143372848456e-03,
1.072731775930151413e-02,
-1.290343486471101685e-03,
-4.825493096723221589e-03,
5.310113768791780223e-03,
-8.658844052115454923e-03,
1.317630080156959559e-02,
2.066508866846561540e-04,
-6.486177764600142837e-03,
1.863364603650552453e-03,
-3.810103482101112517e-03,
-4.278148870798759336e-03,
-2.584616197273135324e-02,
3.833749988116323670e-02,
7.763374211208429404e-04,
6.731643681996501635e-03,
-2.097129178000613908e-02,
-1.529476239229552413e-02,
7.959655483136884174e-03,
2.328894031234085386e-03,
3.004694385454058717e-02,
3.606177462643245235e-03,
-1.454659679438918829e-02,
1.328449659340549295e-02,
-1.377638424455653911e-02,
7.970367046073078415e-03,
4.879990788176655908e-02,
1.976752036716789007e-02,
-2.609046297147870133e-02,
2.191252362099476228e-02,
-2.817304776981472900e-02,
7.982799792080186654e-03,
-6.419094155717175454e-03,
-8.865615785180126079e-03,
1.553628561669029295e-02,
2.135798454000905483e-02,
-1.330941845662891865e-02,
-1.257099728245520895e-02,
1.626393728656694293e-03,
1.392290710937231848e-02,
-1.351727857945661526e-02,
9.437076002359389565e-03,
-3.808077287976629945e-03,
-2.711962840985506634e-02,
2.809112305840244517e-03,
-3.530683608260005990e-02,
5.451034667203202844e-03,
3.446320185321383352e-03,
3.684690770751330828e-03,
-5.714306925074197525e-03,
-1.591782353934832056e-02,
3.102500049863010645e-03,
-1.668012999143684422e-02,
1.096256765158614213e-02,
-2.227537997532635840e-03,
-1.293648537248373066e-02,
1.818925312545616223e-03,
1.627062249463051644e-03,
3.580137650351389225e-03,
1.086319654132239521e-02,
3.980458830483257879e-04,
2.381921338383108377e-02,
-6.395747841452248666e-05,
-1.411964955041184952e-02,
-3.495535347610712051e-04,
1.063261677045375039e-02,
-4.387976159341633667e-03,
1.122590980958193541e-02,
3.094487498747184803e-02,
-1.520316203241236543e-02,
-4.770191884017549282e-03,
-1.209946066956035706e-03,
-1.420086114403602481e-02,
2.554979167180135985e-02,
-5.264708632603287350e-03,
-1.222723451210185920e-02,
4.480484471423551093e-03,
1.754576637176796794e-02,
-1.447352444520220126e-02,
1.155453985556960037e-02,
-2.658611501101404428e-02,
-1.830207210514345206e-02,
-7.648764469195157290e-03,
8.719134202692658251e-05,
-9.253985466784797609e-03,
-2.392416272778064013e-02,
1.413847412914037791e-03,
2.874084161594510009e-02,
-3.869942366145551291e-03,
-2.511950454209000046e-03,
-5.760175251634791320e-03,
2.495110395830124790e-03,
5.566697020549326788e-03,
4.787147603929042469e-03,
-1.493360525928437779e-02,
4.010119551094248717e-03,
-2.349651957629248639e-02,
-2.041575069306418230e-02,
-1.308973871346097440e-02,
2.502219653542852099e-02,
-1.550656089966651052e-02,
2.084774865070358058e-02,
-3.334172689937986347e-03,
-2.329609884764067759e-02,
5.685193311364855617e-03,
9.969869159976951084e-03,
4.815942351706325661e-03,
-1.338236943411175162e-02,
1.325184860615991056e-02,
2.966446556092705491e-03,
-1.911894799559377177e-03,
-1.368462736718356609e-02,
-1.081534286640817299e-03,
1.575091123813763400e-02,
4.471254255622625524e-03,
-5.264019890455528747e-03,
1.311924971960252116e-02,
4.450152441859245127e-03,
2.424953185254707932e-02,
1.391930615645833348e-02,
-1.286929041962139343e-02,
1.695476123131811510e-04,
5.166802112944424499e-03,
7.603289536200463425e-03,
1.672262842330383276e-02,
7.281881989911198616e-04,
1.647996192332357168e-03,
-8.198171510593965303e-03,
-8.170434973726515074e-03,
-8.895373367704451778e-03,
-1.185641051124548470e-02,
7.749587940634228116e-03,
-1.081945747428108076e-02,
6.799012719420715820e-03,
3.295229605282656675e-03,
-1.462135920883156359e-02,
-1.884451057994738360e-02,
-7.929557083116378635e-03,
-4.369606106774881309e-03,
-5.860209785168990493e-04,
-1.548156049102544698e-03,
-4.918743012240156531e-03,
1.001555770635604789e-02,
9.974012962629785761e-03,
-9.891550068277864954e-03,
-2.367893510963767906e-02,
1.670288061723112973e-03,
-3.462326069711707706e-03,
-4.725664178840816368e-03,
-7.015008942107670183e-03,
4.463858739472925836e-03,
1.186602351954206894e-02,
-8.725955695263109754e-03,
5.642330140108242804e-03,
-1.399469276075251435e-02,
-4.621444107033312494e-03,
-2.862481755437329498e-03,
-2.019495744025334889e-03,
2.548111279611475939e-03,
1.085104336962103809e-02,
1.341262247879058088e-02,
5.804576590890064836e-03,
-2.845474933565128811e-04,
-2.526359347393736330e-03,
5.687022814527154402e-04,
-1.071711941185640206e-02,
2.384089796105399658e-02,
3.314634956768714065e-03,
1.611065355828032036e-02,
9.949295106343925346e-03,
-4.882018256466835737e-04,
-1.056836606003344094e-02,
-8.082255290355533014e-03,
3.173776676703710109e-03,
-4.597801857162266831e-02,
1.691830697818659177e-02,
-5.784474243409931486e-03,
3.837152197957038706e-03,
-6.370661196706350546e-03,
1.390490976191358606e-02,
-1.174664420541375945e-02,
-1.168178648222237791e-02,
-1.346678823501861258e-02,
-1.065703473286703194e-02,
4.116579936817288225e-03,
-2.673659931751899352e-02,
1.588073052698746324e-02,
2.702373382635414600e-02,
-1.631808921229094310e-03,
-4.396373695635702114e-03,
1.031808284460567025e-03,
-4.670596463256515563e-03,
5.170863680541515003e-03,
-2.984021904603650997e-03,
1.371655571274459431e-02,
-3.756142487691249872e-03,
4.597167864267249007e-03,
-6.405755602145290616e-04,
4.200431416393257678e-03,
-7.192240236327052463e-03,
-6.158175115706399430e-03,
3.663421008968725974e-03,
-8.304970970493740987e-03,
2.862915903097018773e-03,
-1.554941039648838341e-02,
4.166639344475697726e-03,
1.303791684185853263e-02,
-1.479298539925366640e-02,
-1.321118336636573033e-03,
1.053014227654784987e-02,
-2.957104733795858781e-02,
5.241138857672922487e-03,
1.267542790155857732e-02,
1.703965805791085586e-02,
-2.120623329537920515e-02,
2.089383517159149051e-03,
3.830176452174782666e-03,
-4.733009735355153333e-03,
3.973861818667501385e-03,
1.574500470887869527e-02,
-4.685095150489359921e-03,
-5.550880625378340483e-03,
-4.782690689899027695e-03,
4.693126596976071379e-04,
-7.022410270292311733e-03,
-9.154429097543470215e-03,
9.149173018522560250e-03,
-1.288073395844548975e-02,
-1.120593335945159127e-02,
1.825010047177784075e-02,
8.956607757136225353e-03,
2.172090045642107586e-02,
-3.312020022713113663e-03,
1.474543026415631218e-03,
-2.638721062103286524e-02,
-3.190050281409639778e-03,
1.250091320398496499e-02,
1.259224386885762249e-02,
7.426320912782102650e-03,
-1.858697098214179277e-03,
-1.311277046916075120e-02,
5.998533999081701387e-03,
-8.412722416687756430e-03,
1.111204095650464296e-02,
-4.621763176692184408e-03,
7.045204634778201580e-03,
6.511207688527064982e-03,
8.278169436380267577e-04,
-4.543366999132558877e-03,
-3.392870092648081568e-03,
-1.596753797493875165e-02,
1.180086709791794463e-03,
-2.896432917623314898e-04,
9.073354356223717679e-03,
1.049926365958526661e-02,
1.695424373028799753e-02,
-1.998397614079294640e-03,
-5.478490318637341261e-03,
-1.806899083312600920e-02,
-1.286341213271953096e-02,
-3.751952567836269563e-03,
-1.411570154014043545e-02,
-1.759783772286027670e-04,
3.243122488493099895e-03,
-6.083433004096150572e-03,
-1.244546412490308250e-02,
8.932750963140279055e-03,
-3.095239840331487184e-03,
8.736097894143313386e-04,
6.446015217807144100e-03,
3.497997322119772347e-03,
-3.527987299021333178e-02,
1.337243474554270471e-02,
3.290605100919492820e-02,
7.653349492466076862e-03,
1.164899180876091157e-02,
-5.104563769418746060e-03,
1.425187076383735950e-02,
-3.228353764134226506e-02,
-2.234370188671164041e-03,
7.302129099844023759e-03,
5.922928926884197046e-03,
1.578390481881797314e-03,
-8.140425746387337097e-03,
3.890399538613564887e-03,
5.285889567312551315e-03,
3.463036834727972572e-03,
9.671316441381350854e-03,
3.488566214218735868e-03,
-5.073072912637144544e-04,
1.365938619710505052e-03,
-2.319136609439738025e-02,
6.796660316467750818e-03,
3.716014721430837935e-03,
2.004805821925401826e-02,
1.311212650034576654e-02,
-3.272271019814070037e-02,
1.678827089490369032e-02,
7.515548018272965973e-03,
-1.103857957932632451e-02,
-2.237860412569716434e-02,
3.675343992654234388e-04,
-2.097601408604532307e-03,
-2.094032257955404791e-02,
-1.457972030621021951e-02,
-1.045767102332320099e-02,
-1.854634740739129553e-02,
-3.480865849996917123e-03,
1.292598578147590230e-02,
1.181631339713931118e-02,
-1.773267141961696464e-02,
4.676714295055717056e-03,
-3.662339807488024061e-03,
2.941017910052323627e-03,
4.929477910627611328e-03,
-2.357496106997132232e-02,
-2.355300995986908674e-03,
2.606090041808783791e-04,
-4.838511352136265660e-03,
2.921751313260756520e-03,
-1.193426515674218466e-02,
6.770888277969788760e-03,
1.174248448223806987e-02,
-2.412496072938665609e-02,
-1.390098684787517344e-02,
-1.427402839763089980e-02,
-7.949476753128691814e-03,
-3.805873997043818149e-03,
-6.761940883006900375e-03,
-7.882043370045721531e-03,
1.213245402323082089e-02,
3.944646404124796564e-03,
3.800534486072137778e-03,
9.063816029811277292e-03,
3.896055143559351737e-03,
1.148424434359185398e-02,
9.636517020408064821e-03,
-1.664632400352274860e-02,
8.443163882475346110e-04,
-6.233146126032806759e-03,
1.194518402917310509e-03,
-9.758434596005827882e-03,
-1.379342685686424375e-02,
1.367676507215946982e-02,
9.661857620812952518e-03,
4.916572378715500062e-03,
1.807452109969744786e-02,
1.443997639580629809e-03,
2.330470321940083384e-02,
-1.195659980003256281e-02,
-6.970401918806601316e-03,
-1.340316250862088124e-02,
1.073738759150728514e-02,
-4.322233400307596077e-03,
8.037380652967839739e-03,
-2.941576231387443927e-03,
-1.371557583916000952e-02,
-1.934331159573048423e-02,
-3.597830393118783832e-03,
2.747269669780507545e-02,
1.026125812495592982e-02,
-5.281669419491663749e-03,
7.406079338397830898e-03,
-7.009060226937435974e-03,
2.645432388817425817e-03,
-8.375750982668250105e-03,
1.407606282737106128e-03,
7.838466664543375720e-03,
-6.389460596255958254e-03,
-1.106623903615400108e-03,
-1.425330493657384111e-03,
1.579205456073395908e-02,
-1.173836283851414962e-03,
1.335191686666803391e-03,
-4.610407289874274284e-03,
1.440876853448571672e-02,
1.213912053499370883e-02,
1.771919702878221826e-03,
3.934256844513583755e-03,
2.413212228566408071e-03,
-2.083953709188790526e-04,
-7.239631522679701447e-03,
-1.324547227704897523e-02,
-2.129349188443257004e-02,
4.682196250723791135e-03,
-5.784643853985471651e-04,
-1.992541558574885061e-02,
1.333390502259135160e-03,
-3.245280892588198358e-03,
-1.059953144576866214e-02,
-1.017910279842908564e-02,
-1.168333464884199237e-02,
-3.176146143232472458e-04,
-6.567242849268950348e-03,
-1.061842756462283432e-02,
1.115033323003444821e-02,
1.339543008361943066e-02,
-2.045161901041865279e-02,
-5.652054920792579790e-02,
-1.928010766860097785e-02,
8.726327345357276499e-03,
1.017700194497592713e-02,
-2.989947516471147711e-03,
-5.950995581224560391e-03,
6.355130113661289432e-04,
1.720159266842529247e-02,
1.991965631023049493e-02,
-1.817648181458935211e-02,
2.461959992069751024e-02,
-2.789860931989096484e-03,
-9.661202668212354617e-04,
1.181680215340747894e-02,
1.042987877735868096e-02,
2.468250499805435712e-03,
-9.323698657681233747e-04,
-1.344433637568727066e-02,
-1.699139422416919704e-02,
9.194063121140062106e-03,
-1.138285183697007596e-02,
-1.239481536904349888e-02,
-5.156044350587763066e-03,
-3.682181480689905497e-03,
-6.458967851358465850e-03,
6.534324446693062956e-03,
-1.753680925030494039e-02,
1.695159597729798545e-02,
2.861790241149719891e-03,
-3.777636826271191239e-03,
1.695466792662046057e-02,
-4.801816480176057320e-03,
-4.567357199266553099e-03,
-2.799237379804253578e-03,
-1.024401167524047196e-02,
-3.391794644994661038e-03,
1.913039042847230922e-04,
-6.093981442973017693e-03,
1.131188348517753184e-02,
1.291838556062430143e-02,
-9.677852503955364227e-04,
-3.759365878067910888e-04,
2.867393323685974056e-03,
3.277384850662201535e-04,
-1.803303137421608080e-04,
-3.661243116948753422e-03,
-3.358428238425403660e-03,
6.484273774549365217e-03,
-1.020516794196737499e-02,
8.799520292086526752e-03,
-8.505989229888655245e-03,
-2.077710015873890283e-03,
-6.153434183215722268e-03,
-2.233383504208177189e-02,
-1.423578610374534072e-02,
4.059474414680153478e-03,
-1.386003331281244685e-02,
-2.068532621487974982e-02,
9.031722138752229165e-03,
1.603302295552566604e-03,
-1.078222209471277858e-02,
-3.650391990959178656e-03,
-2.632351635256782035e-02,
1.644773001316934824e-03,
-1.079508181428536807e-02,
5.658421467524021517e-03,
-1.832785492297261953e-03,
1.377307344810105826e-02,
3.899088827893137715e-04,
2.230728042195551271e-03,
1.199009379524795804e-02,
-9.020237618824467757e-03,
1.019910561735741863e-02,
4.584218485979363669e-03,
1.292483051074668800e-02,
-1.698899422190152178e-02,
5.538628384238108646e-03,
1.332225598598597502e-02,
-6.722034799895482311e-03,
-1.819620971800759573e-02,
1.131170903099700843e-02,
-1.418102880707010696e-02,
7.990566547960042953e-03,
9.577941166935489276e-03,
-2.660092071164399212e-03,
5.719787003272358561e-03,
1.259143807692453265e-02,
-7.995866003329864941e-03,
-1.924495096318423748e-03,
4.567825596313923771e-03,
2.442494441056624124e-02,
-5.574136506766080856e-03,
8.905629483342636724e-03,
-7.725769595708698034e-03,
-5.180606665089726275e-03,
1.156509297143202240e-02,
-1.697683532256633043e-03,
1.487147859879769420e-02,
-6.722068147792015051e-03,
-1.347479757969267597e-02,
2.222187935213924131e-02,
5.484314046771032909e-03,
-1.592100519337691280e-03,
2.828298788517713720e-03,
-1.252480569382896647e-02,
-7.632095261942595417e-03,
5.696099810302257191e-03,
1.188563394898665103e-02,
1.059688066161470522e-02,
7.511635008268058127e-03,
2.123554225545376366e-03,
-9.629916504491121271e-03,
1.887060271110385656e-02,
-3.268449188908562064e-03,
-1.092981463298201526e-02,
5.771196697605773633e-03,
1.047232428099960019e-02,
1.589153751265257736e-02,
1.445135232643224299e-02,
-1.721123524475842823e-04,
4.954251297749579126e-03,
-2.866405271925032226e-03,
-1.842092514270916512e-02,
6.658597765999729398e-03,
5.606980705488239999e-03,
1.729583021369762762e-03,
-3.087513154605403629e-03,
-3.375021554529666727e-03,
9.767023329914081842e-04,
-1.378030627965927055e-02,
7.970079526421614338e-03,
1.933384822332300315e-02,
-1.419482048368081450e-02,
2.559940335922874372e-02,
5.095498071750625795e-03,
-1.535464568296447327e-02,
1.346796957077458536e-02,
-2.704776276368647901e-03,
-4.975263882079162051e-03,
-3.698528511449694417e-04,
1.142253808211535215e-02,
-1.676532293204218219e-02,
2.384622622048482472e-03,
1.271323733963072335e-02,
-5.295439762994647373e-03,
-9.488037368282676437e-03,
-1.716490485705435276e-03,
1.191111255902796949e-02,
-1.532005952321924269e-02,
2.470784098841250030e-03,
9.490274253766983054e-03,
-9.172996319648518693e-04,
-3.207148052752017975e-03,
1.797621091827750163e-03,
-1.096093387459404732e-02,
2.269345775712281604e-02,
8.776237501297145388e-03,
1.308639522176235958e-03,
-5.496350221801549023e-03,
7.016608316916972399e-03,
-3.679909440688788717e-03,
3.334742586594074965e-02,
-1.391793821239844034e-02,
7.889812334906310537e-03,
1.452049076324328850e-02,
-1.468733337242156354e-03,
-1.294929207069799373e-02,
-1.910927295684814592e-02,
1.194780238438397646e-02,
-8.596257498720661500e-03,
-1.290255317580886116e-02,
-7.085252250544726675e-03,
-5.452453377074561579e-04,
7.078204097342677588e-03,
4.265307867899537260e-03,
6.613752638804726650e-03,
1.306331507512368227e-02,
-9.184819867368788221e-03,
8.237106696469709277e-03,
-8.230708190239965916e-04,
7.417581923073157321e-03,
-4.536268941592425108e-03,
-2.066067223204299738e-02,
1.016990005446132342e-02,
2.737966603599488805e-02,
-9.811091143637895931e-03,
8.273971511516719363e-03,
2.308031194843351787e-04,
1.222904098976869067e-02,
2.877324307337403297e-02,
2.723038864787668059e-02,
5.540819407906382929e-03,
4.547738453538840986e-03,
-1.480930880643427372e-02,
8.217316655645845458e-03,
-6.022118299733847033e-03,
1.051595910539617797e-02,
1.840539341792464187e-02,
9.495772555237636664e-03,
-5.803200625814497124e-03,
-4.471408545505255183e-02,
-7.753369596321136106e-03,
1.917080561397597332e-02,
-1.002544628572650184e-02,
-3.692081433837301856e-03,
6.569729733746499170e-03,
-9.998067501510377736e-03,
-2.022917566355317970e-02,
-2.364917428349144583e-03,
-1.608614997676340724e-02,
-3.682656324235722336e-03,
5.284546269103884350e-03,
-9.069818622265302544e-04,
9.835128797567449857e-03,
5.298142701758479060e-03,
-8.500066483975388110e-03,
-1.344869594686315438e-03,
2.246660852688364511e-03,
-8.811316716310102840e-03,
-2.669100314378738265e-02,
7.110357083729468113e-03,
-1.499923544970442960e-02,
-7.971704122610390186e-03,
1.569034953863592680e-02,
-1.589355480973608792e-03,
9.462943362450459972e-03,
-6.699273051344789912e-03,
-5.602400813950225364e-03,
4.237990448018535972e-03,
6.003179785329848875e-03,
-7.693252956960350622e-03,
4.045010427944362164e-03,
7.336955430946545849e-03,
7.033339687041006982e-03,
1.252099855628330261e-02,
-1.254344221961218794e-02,
-3.954024583799764167e-03,
6.711225549224763675e-04,
1.931499386409996077e-02,
6.943811944802291344e-03,
1.088730854098684999e-03,
-1.915427230269415443e-02,
3.799385602906113664e-03,
-1.751150429045083071e-02,
5.824532982660457665e-03,
-9.503573726397008051e-03,
1.157231287797912990e-02,
3.043556460761465219e-03,
-2.839520739507861522e-03,
-6.137152740848250687e-04,
-8.193383307661861528e-03,
2.431746654910966685e-02,
9.322184824850410917e-03,
-5.398151959525421262e-03,
-4.677552159409970219e-03,
-6.962361792102455919e-03,
3.413277817890047940e-03,
7.005924521945416754e-03,
-4.924211346951779325e-03,
1.232301911804825102e-02,
-1.174405086785554851e-02,
7.869364225916797642e-03,
8.855238452088087103e-03,
-1.672563597094267607e-02,
-3.235706628765910951e-03,
-6.946145724214147776e-03,
-1.429918138310313190e-02,
8.594994549639523029e-03,
4.065535192785319288e-03,
-7.946485280990600239e-03,
-1.665230806192994489e-02,
1.032454577507451246e-02,
2.936761268210830167e-02,
8.578775660134851586e-03,
1.068553701043129011e-03,
4.306666526099433775e-03,
1.026874519084230997e-03,
-7.209016813430934971e-03,
5.287298794428352050e-04,
-1.714009028510190408e-02,
-1.382651618769159541e-02,
4.374966947943903159e-03,
2.364538768306374480e-02,
-4.843800142407417124e-03,
1.326157932635396762e-03,
6.725195022590923707e-03,
-2.539632812258787314e-02,
-1.374768130772281369e-02,
-1.121016717515885795e-02,
8.881343313260004618e-03,
-6.608059034624602993e-03,
-5.241428248700686146e-03,
-5.854699673363938494e-04,
1.908551121596247045e-03,
-1.319631490623578499e-02,
-1.065861345850862597e-02,
-1.861637757392600040e-02,
9.905288421578006819e-03,
-1.420955979847349313e-03,
-1.752225164091214624e-03,
-3.692906320793554187e-04,
9.196887048892677177e-03,
5.643012572545558041e-03,
3.882337361574172865e-04,
4.876366211101412426e-03,
-5.388246639631688942e-03,
-2.448241795354988426e-02,
-7.727080488984938364e-03,
-5.246105016703949894e-03,
-1.356318454490974476e-02,
1.398439299373421905e-03,
2.554410239099524915e-03,
1.020986695948522538e-03,
5.633777251932770187e-03,
-2.076780458446592179e-03,
-3.682125423802062956e-03,
1.047135125045315328e-02,
1.891816337592899756e-03,
1.562294759787619201e-03,
-2.570996928261592897e-03,
-2.891882834956049746e-03,
-2.948892320273443883e-03,
1.845535387765267002e-02,
9.862118237651883862e-03,
-7.928176014684141376e-03,
-3.600978656322695315e-03,
1.140261492691934178e-02,
2.849798585521057161e-03,
-9.376564435660839428e-03,
1.376633809995837440e-02,
3.181094009050866589e-03,
-5.872504145736456502e-03,
-2.128788246773183433e-03,
3.358481131726875901e-03,
-2.238168878830037838e-03,
1.649128051358274977e-02,
2.551097777177346784e-03,
1.191470929916249501e-03,
2.410954999504610896e-03,
5.980972063844092537e-03,
-5.809436400886625398e-03,
-5.688105037552304739e-03,
5.539429068448953331e-03,
1.828727216270635905e-02,
-4.084493544723954983e-03,
9.201238554669543407e-03,
-2.878007281105965463e-03,
-1.390208129305392504e-02,
-1.011398109112633323e-02,
1.446621495415456593e-02,
8.059684685431420248e-02,
-8.537710318341851581e-03,
-1.142523922026157310e-02,
1.508427975059021230e-02,
1.353390741860494018e-02,
4.140236793318763375e-03,
-5.841054697521030556e-03,
-6.561168044572696263e-03,
-3.452512400690466079e-03,
9.881640621460973523e-03,
3.602805919945239934e-03,
2.262484328821301287e-03,
1.151000848039984703e-02,
-1.655986066907644218e-04,
4.366598225897177880e-03,
5.267424951307475220e-03,
-3.477242484223097563e-03,
3.851028275676071644e-03,
-3.760833946580533025e-03,
1.676638546632602724e-03,
7.231073123693932021e-03,
-1.804119240841828330e-03,
-1.970963779021985690e-02,
-2.079644822515547330e-04,
4.368397803045809095e-03,
-2.491111033123161178e-02,
6.473757477942853819e-03,
7.965298008639366129e-03,
1.145533910021185806e-02,
-3.096577222459018317e-03,
1.227273053227690910e-02,
-3.044970717746764508e-03,
7.878538279328495264e-03,
4.870644502807408918e-03,
2.055602055042982015e-03,
1.495109966490417754e-02,
-8.048338297521695148e-03,
1.244041780591942413e-03,
-1.533152235206216608e-02,
-3.382333047920837825e-03,
-1.041922785225324333e-02,
1.769462852389551769e-02,
-8.338434062898159374e-03,
-1.581956270383670995e-02,
7.043538801372051412e-03,
-8.895977213978768089e-03,
-5.869554675882682204e-03,
-7.234635995700955391e-04,
7.435561699094250625e-03,
5.091299329069443221e-03,
-6.951868592295795679e-03,
8.500982163241133311e-04,
3.815894652507268066e-03,
7.298578487825580288e-03,
-1.242994292988441885e-02,
-5.937619518954306494e-03,
-6.377238966524601156e-03,
7.454221282387152531e-04,
1.947585944435559213e-02,
1.424452756764367153e-02,
-7.986368390265851519e-03,
5.207597919797990818e-03,
-7.213642948772758419e-03,
-3.851610637502744707e-03,
9.124763624276966203e-03,
1.335725525859743400e-03,
-7.750403960380935695e-03,
-7.595547265373170723e-03,
-1.435946885612793180e-03,
2.823012112639844244e-03,
4.776678040798287947e-04,
-7.198913335741963238e-03,
-7.997743683517910540e-03,
1.895534060749923949e-02,
-2.834282146432087843e-03,
-5.028680676514340857e-03,
2.522868890082463622e-03,
4.457976645971939780e-03,
-9.078716899966820381e-03,
-3.169226444588275904e-02,
-5.475508674862794795e-04,
9.633517352631315936e-03,
5.990094761364162315e-03,
2.134365923120640218e-02,
-1.871616691350936820e-02,
1.334537792718037920e-03,
-3.874925198033452034e-03,
-9.487883225665428091e-03,
1.067272495711222256e-02,
1.072246901458129287e-03,
-6.339679706434253950e-03,
3.814956330461427743e-03,
-7.996986279613338758e-03,
5.414858198491856456e-03,
1.010927454335614969e-02,
1.166037074017367515e-03,
-6.679935916326940233e-03,
4.971846922126132648e-03,
-8.854243726818821630e-03,
-4.150034312624483954e-03,
-5.901969072874635111e-03,
-1.130226142413448542e-02,
-5.637266789563000202e-03,
6.415869179181754763e-03,
9.444311865081544966e-03,
-6.838096250976377806e-03,
-1.315397438593208720e-02,
-1.459800790835288388e-02,
1.759244187269359692e-05,
1.525529617210850085e-02,
8.307637984398753145e-03,
-5.134074547095223914e-03,
1.193972408293575427e-02,
-2.630617981194518368e-02,
1.276167543328483520e-02,
-3.388711658772081137e-03,
-5.349835441302274938e-03,
-6.470361797255463898e-03,
4.357590484141837459e-03,
-1.273502206313423778e-02,
-2.826674110838212246e-03,
-8.714316417172084800e-03,
2.630607696482911793e-03,
-9.599541281204437837e-03,
1.445051566697657178e-02,
-5.656173499301075762e-03,
2.369379469892009954e-02,
1.217717584113415727e-02,
5.275144038751023064e-03,
-4.358094185590744019e-03,
8.978337340522557497e-03,
1.727434576023369889e-02,
9.021741134347394109e-04,
-1.612637584912590683e-03,
-1.090488003683276474e-02,
1.376436080900020863e-02,
5.258520078496075993e-03,
-4.192980450170580298e-03,
8.965932240244001584e-04,
1.183785482862731442e-02,
3.281921660527586763e-03,
-1.411698390620586083e-03,
7.052823289996013045e-03,
-6.072147324448451573e-03,
7.090752711519598961e-03,
-7.223101812996901572e-03,
1.175828048726543749e-02,
-1.046180059202015365e-02,
-7.382516475627198642e-03,
-4.749189503490925182e-03,
-6.000529391167219381e-03,
1.792717189964605426e-02,
-7.674558913640794691e-03,
4.695618187543004925e-03,
6.702211569063365893e-04,
-3.644237434491515073e-03,
-1.033689838950522209e-02,
-2.016767857130617042e-02,
-1.179736491758376360e-02,
-1.041610498796217109e-02,
2.633757647708989767e-03,
-4.382104982505552124e-03,
-1.384289537090808118e-02,
-1.861164376023225625e-02,
5.025232792831957340e-03,
5.001214588992297996e-03,
-1.136256502941250870e-02,
6.901564920553937554e-03,
2.099117170473618899e-03,
5.540636921068653464e-03,
1.707935317535884748e-02,
-2.052379227097844878e-03,
-9.343086869921534560e-03,
1.236900191288441489e-02,
-1.719059236347675367e-03,
-3.772138687781989748e-03,
1.303341612219810399e-03,
9.144622559506387222e-03,
-3.212343479390256107e-03,
7.212446560151875366e-03,
3.985009339521639396e-03,
-1.868237275193678285e-02,
6.921302003320306973e-04,
-1.065346333198249375e-02,
-1.295314126182347571e-02,
3.457854187581688252e-03,
1.159115447662770713e-02,
-1.519478065310977434e-02,
-1.538611110299825755e-03,
-5.346782533160876136e-03,
1.374990237382007693e-02,
-1.448020654643187265e-02,
-3.120754391420632774e-03,
-2.457056682032998543e-04,
-2.164675792737398227e-02,
2.833869245660025453e-03,
-5.875868024304509380e-04,
-1.551316575787495787e-02,
-1.131678395904600664e-03,
2.284671657253056938e-03,
1.639773733331821928e-02,
-1.894340908620506525e-03,
1.388690870953723788e-03,
1.163204107433557510e-02,
6.193396280286833991e-03,
3.255684069154085678e-03,
2.186491236207075556e-02,
1.580242475029081106e-03,
-1.235758251859806443e-02,
3.578497527632862243e-03,
2.897067816229537216e-03,
-4.236914595821872354e-03,
5.544082919368520206e-03,
3.063535269757266914e-03,
-1.097084127832204147e-03,
2.291446842136792700e-02,
5.796344205737114126e-03,
-1.325727737275883642e-03,
-1.354888499481603573e-02,
-3.889002959476783958e-03,
3.081767936237156391e-03,
-5.888171767583117062e-03,
-7.362659944919869477e-03,
3.236914318495110084e-03,
-1.402452607871964609e-02,
5.584271979751065026e-03,
1.562166747171431745e-02,
-2.234174911573063443e-02,
-4.809402598766610026e-03,
-7.269878149963915001e-03,
-2.147712768055498513e-03,
2.390060701873153622e-03,
-1.111330356798134657e-03,
-1.304810343426652218e-02,
2.499690209515392607e-03,
8.148330578114837755e-03,
-5.530156529857777059e-03,
-4.921446816297248006e-03,
9.420621837489307621e-03,
-6.255360952491173347e-03,
4.948420333676040389e-04,
4.168705904157831918e-03,
-5.771884554997086178e-03,
4.772766272071749145e-03,
-1.065845549746882205e-02,
1.398081353836460108e-02,
1.992765099857933889e-02,
-1.356925985019188409e-02,
-2.534358645789325237e-05,
1.648864349117502501e-02,
5.647441232576965939e-03,
4.766928893513977354e-03,
-1.364394499687477877e-02,
-1.632234873250126925e-03,
-8.606333739589900472e-03,
2.370678058359771898e-02,
4.675366671290248459e-03,
-5.577206306043080986e-03,
5.809848214266821569e-03,
-2.272638151771388861e-03,
-1.943359791766852140e-03,
5.694103852147236293e-03,
5.746777227614074945e-03,
-3.585527636460028697e-04,
-1.027415166608989204e-02,
3.871417662594467618e-04,
-9.018874500179662954e-03,
7.645880884956568826e-03,
-9.197440145362634559e-03,
-3.840492630843072913e-04,
-1.358944488456472789e-02,
-1.289579930016770959e-03,
-7.774274505209177732e-03,
-1.577770828007487441e-02,
-1.376760528219165246e-02,
1.473088267375715146e-02,
5.901797040132805358e-03,
5.701260070782154972e-03,
1.263819966698065400e-02,
8.232183440122753035e-03,
-4.812938420218415732e-03,
-4.795906814979389483e-03,
-1.107448376133106718e-02,
-1.738827064400538802e-02,
1.283465602609794656e-02,
-1.125362667589797569e-02,
-2.944272587774321350e-03,
1.140368605920230073e-02,
4.072258013547980053e-03,
2.494510167161934164e-03,
-8.362510823644697666e-03,
3.725501068402081728e-03,
3.692370775388553652e-03,
1.051390838110819424e-02,
1.900155378389172325e-02,
-1.657554370467551053e-03,
-4.353959136642516006e-03,
-6.351615261519327586e-03,
-4.857458872720599174e-03,
-1.516062879818491594e-03,
2.958839439088478793e-04,
1.070468481630086968e-02,
-1.099153441318776424e-02,
1.296066998329479213e-02,
-5.560721125220879912e-03,
5.706140783149749214e-03,
6.017951236572116613e-03,
4.760722484206780791e-03,
-2.010734673240221950e-03,
-1.281055082799866830e-02,
7.210352126276120370e-03,
-1.516053947852924520e-04,
-9.976351843215524803e-03,
8.946971761179155908e-03,
3.567236554226838139e-03,
7.482951204292476004e-03,
6.087191373808309436e-03,
-9.978944315662374286e-04,
-1.368339970140368747e-02,
-1.484721433371305466e-04,
1.914335584588116104e-02,
1.830344863847131048e-02,
1.050140458755777217e-02,
-1.216843012953177164e-02,
1.693036765755095985e-02,
-1.391814692760817707e-02,
-9.117501869332045664e-03,
-9.320581314386799238e-03,
1.130275099567370524e-02,
-2.963175810873508280e-03,
-7.352670020190998565e-03,
7.938120095059276321e-03,
1.443326355365570635e-02,
-1.206941418349742959e-02,
-2.611389709636569110e-03,
-6.179960386361926794e-03,
8.615528982772957750e-04,
3.042007997282780880e-03,
2.630027959094150079e-03,
-1.655967819388024648e-02,
7.038334134267643268e-03,
1.605859301635064254e-02,
1.682738254894502322e-02,
-8.512851985869928978e-04,
6.472019775537773620e-03,
2.081528827548027177e-02,
1.930629986745770882e-02,
-7.835679920390248082e-04,
4.297574749216437340e-03,
-1.031020794180221786e-02,
5.501285199716221715e-03,
-1.075396991800516878e-02,
-1.420643374440260301e-02,
-2.466997120063751762e-03,
-1.552146612812066451e-02,
2.797507075592875567e-03,
2.990604755468666623e-02,
-1.175725396024063230e-02,
-6.885011239501181816e-03,
-6.058339774608611887e-03,
2.880668832949595439e-03,
4.201156715862452810e-03,
-1.146951464124867925e-02,
-4.674054111819714481e-03,
-7.005285646300762892e-03,
7.956088101491332748e-03,
5.163993209134787148e-03,
-8.239683663123286567e-03,
-4.099944416157086553e-03,
4.923624242655933250e-03,
-1.000556879444047852e-03,
-1.089903081301599706e-02,
1.281619688961654988e-03,
-4.245337353495415300e-03,
-3.106588782975450071e-03,
-7.419646065682172602e-03,
-7.329797342390520325e-03,
4.115391706000082542e-03,
-2.744856741628609598e-03,
-1.848463969945441862e-02,
1.275382364401593874e-02,
-2.065717065124772663e-03,
1.528475178347434883e-02,
-1.647799183847382595e-02,
3.538132279645651856e-02,
1.441990606836043333e-02,
-6.495008623460307717e-03,
1.446284838020801475e-02,
2.753310423577204260e-03,
