-3.973259581835008811e-03,
8.744894462870434274e-03,
-8.055317634716629288e-03,
-7.455401920014992530e-03,
-1.751273257832508534e-02,
1.859033247019397164e-02,
-2.095822060364298592e-02,
2.669851644895970821e-02,
-1.979418627452105353e-02,
-3.342758317012339917e-03,
1.506193616660311861e-03,
1.006398356985300710e-02,
-1.015973714675055817e-02,
1.706497468985617230e-02,
2.065443931496702135e-02,
3.853589061181992431e-02,
-6.140403423341922289e-03,
4.162678774446248835e-03,
4.828265311516588445e-04,
3.613275947063811916e-02,
1.099346728879027103e-02,
-3.367625118698924997e-04,
2.904278510250151227e-02,
4.450384952360763972e-03,
-6.147134120692498808e-03,
-1.189552596188150381e-02,
-2.196746382978744666e-02,
1.142448401078581879e-02,
4.922766225645318350e-02,
-1.422957038885215228e-02,
2.952824942767619948e-02,
-3.609892074018716812e-02,
2.216266572213498875e-02,
-3.879444045014679432e-02,
-7.506611669668927789e-03,
3.744107810198329250e-02,
1.787485381428268599e-02,
5.358831491321325519e-04,
-2.952785363886505435e-02,
-1.241250551538541913e-02,
7.306755555327981363e-03,
1.529467361979186492e-03,
-4.716435603040735995e-03,
1.277329750591888954e-02,
2.542682273779064278e-02,
1.427434660727158224e-02,
-5.086504568462259929e-02,
-1.143796327523887227e-02,
2.853804218466393650e-02,
7.917443204496521850e-03,
-2.364957803802099010e-02,
-6.276517850346862923e-03,
1.087480059941299190e-02,
1.766669069183990359e-02,
-1.478109410381875898e-02,
-1.411852211458608551e-03,
2.858506352640688593e-03,
3.967653827276081124e-02,
2.291722809895873139e-02,
2.009000665930216287e-03,
9.199097063537919547e-03,
-6.308554112911224712e-03,
-9.577488897775765075e-04,
-2.451680449303239497e-03,
-2.544487451668828865e-02,
-6.693482377158943564e-03,
-1.901679844886530052e-02,
2.065804268931970000e-02,
5.487208795966580337e-03,
-6.419890472898259759e-03,
9.942441206658259728e-03,
3.646264501148834686e-02,
-2.859469313407316665e-02,
1.080586735624819959e-02,
7.148144890379626304e-03,
-1.689901633653789759e-03,
-4.263541516847908774e-02,
3.498093265807256276e-03,
-4.083726386306807052e-03,
2.253368667443282972e-02,
2.504280641733203083e-02,
2.352550349314697087e-02,
-7.661223749164491718e-03,
-1.995733280273270793e-02,
-2.141489349887706201e-02,
-2.271508588455617428e-02,
-3.110957400058396091e-02,
-7.970536476932466247e-04,
-2.135029069031588872e-02,
-1.615363174350932171e-02,
-7.376620118157007147e-03,
1.136203194691915927e-02,
-2.649353645974770327e-02,
2.765877211495535587e-02,
2.074462210293859157e-03,
2.204873053124174406e-02,
-1.883032270707190106e-02,
-1.732160617830231716e-02,
2.236614992725662748e-02,
9.370663436129688783e-04,
2.762139044934883853e-02,
-1.552296521549578756e-02,
1.774471122771501680e-02,
-1.831492233322933386e-02,
1.848664225253742258e-02,
1.133294749888591468e-02,
-1.446236744523048470e-02,
-3.690123688429593901e-02,
-3.819424484390765429e-02,
1.003097087959758937e-02,
2.435783122782595594e-02,
-2.381120717618614296e-02,
-2.809699791250750561e-02,
2.886609745910391142e-02,
7.066190676414407963e-03,
-1.016267060185782611e-02,
2.805423315148800750e-02,
-1.219403161230729962e-02,
4.133120295591652393e-03,
-1.520158144994638791e-02,
-1.997057115659117699e-04,
-2.110574464313686067e-03,
2.240938654867932062e-02,
-5.625425074249505719e-02,
5.199041659943759094e-03,
-1.721694635052699665e-02,
-7.853147701825945876e-03,
-7.290923979599028999e-03,
-2.261036707204766572e-02,
-1.738484574307221781e-02,
2.255194803583435853e-02,
8.489550091326236725e-04,
-5.013549267459893599e-03,
-6.900661801046226521e-03,
-2.434362768835853646e-02,
-2.084533177549019282e-03,
-1.376168632123153657e-02,
1.211340274894610013e-02,
-3.331455499865114411e-02,
2.792396319564431975e-02,
2.727972451393725212e-02,
-1.137276639929041180e-03,
2.107373339822515845e-02,
2.057588454335928033e-02,
1.830648991162888567e-02,
-2.273723261896521027e-03,
-1.929803152161184768e-02,
1.351142524072201923e-02,
4.411324090324342077e-03,
-1.704691734630614519e-03,
-6.175023515243083412e-03,
1.413247554155532340e-02,
-3.042460333090275457e-02,
-4.074956616386770855e-03,
-1.725879134610295434e-02,
-2.190176274161785910e-02,
1.397514635464176466e-02,
1.157898288602154935e-02,
1.116817494003044010e-02,
7.384492515120655645e-03,
1.418961353047052364e-02,
-2.963992182776564732e-02,
-2.093353134114295244e-02,
-2.037936307824566098e-02,
-1.645624818047508597e-02,
3.182987581240013381e-02,
-1.223997086053714087e-02,
2.495519933290779591e-03,
-5.320763571653515378e-02,
4.535343381576240063e-03,
-2.041436027502641082e-02,
-1.944463358377106557e-02,
-2.277987955603748629e-02,
1.928524321992881527e-02,
-1.183865525817964261e-02,
4.891169200345757244e-03,
-1.773684252984821658e-02,
-1.869004432810470601e-02,
-6.452457618433981960e-03,
1.498907190398313062e-03,
3.343018507584929327e-02,
5.797518910840153417e-02,
-1.128418180560402176e-02,
1.457973863289225777e-02,
-3.033333667553961364e-03,
-4.012424062239006162e-03,
-1.148171606473624733e-04,
-9.845346826477908292e-03,
5.389356467640027057e-03,
-1.688954794080927899e-02,
-3.054580911993980477e-02,
2.922235441801603745e-02,
1.872595368186012049e-02,
-4.471853582072071558e-03,
5.528640432748943914e-03,
-1.966052072239108522e-02,
2.040305837581399967e-02,
-8.859847276471554539e-03,
-2.194737640093080699e-02,
1.203827609715517680e-02,
-2.528259065002202852e-05,
3.109157728031277518e-02,
1.506878216750919854e-02,
-4.009108245372772217e-02,
-1.503079550166148623e-02,
-3.743553836829960346e-02,
-3.348496071994304379e-02,
-1.156956416089087794e-02,
9.587417333386838089e-03,
-3.091484878823393817e-02,
-9.297358104959130287e-03,
-6.026116339489817966e-03,
2.803363663260825117e-02,
1.710467734956182609e-02,
-2.473799009458161821e-02,
3.801211167592555371e-03,
-3.406440973049029534e-03,
2.679838360054418583e-02,
2.099937659222632716e-02,
2.547775104176252972e-04,
-2.136118641356006195e-02,
4.712846358306706229e-02,
5.675952713936567584e-02,
1.435134616913274000e-02,
-9.094646415906026266e-03,
2.013558214530348708e-02,
3.569096239516511559e-02,
-4.260482303798198561e-02,
1.622531267057638477e-02,
-1.064220830448903143e-02,
4.038759353570640226e-02,
2.005523220868781278e-02,
1.869875285774469419e-03,
-1.200556157709797844e-02,
-8.927008265163748763e-03,
1.102921260753646562e-02,
-1.141999643296003411e-02,
-6.043970497557893260e-05,
-1.000145886064274237e-02,
-2.781596259446814795e-02,
-2.155645787715911726e-02,
5.072970921173691576e-03,
1.027262099378276582e-02,
1.866447147331200609e-02,
-3.279702056897803968e-03,
1.524280269513838063e-02,
-2.853577626228798354e-03,
-1.595507248712237786e-02,
-2.190637937746942217e-03,
1.666411121841520140e-02,
1.899441269924864034e-02,
4.048163760453462462e-02,
1.412722596433013591e-03,
-2.436052747070789268e-02,
-1.181004380923695793e-02,
-8.055830036755650542e-03,
-6.626879329269285898e-03,
3.725112725805956870e-02,
4.241649163886904855e-02,
-1.512466452550143047e-03,
-6.517664128914475719e-02,
-1.133169368695234949e-02,
-3.993257561232894937e-02,
3.357687836978584354e-03,
-1.214938504272140493e-02,
8.076140869525261570e-03,
3.983471600804477930e-03,
7.495419957558624099e-03,
1.635326609830372105e-02,
-1.233937148354016279e-02,
4.849325434770434748e-03,
1.712186180811841110e-02,
1.635498097166419168e-02,
1.929628478246741066e-02,
-3.091572603734675864e-02,
-4.889884497970342419e-04,
5.382564768660813223e-03,
2.141074822284281393e-02,
-4.353661211207508763e-02,
4.526312728412449499e-02,
-1.659549271280411770e-02,
-2.150923216249793837e-02,
1.693813138408586244e-02,
1.792303448310121963e-02,
-2.377947850618511438e-02,
-4.007674509193748062e-03,
-2.266779941273853322e-02,
-4.371597495628520499e-03,
1.137359172298602061e-02,
-4.816858953563496644e-03,
2.699395010713488002e-02,
-1.732571799584547902e-03,
2.321885606470459537e-02,
-1.109986796218436281e-02,
-2.294813998742029071e-02,
8.797803593915886830e-03,
2.150798275251872976e-02,
-3.055464921053498845e-02,
1.645020061405375739e-02,
4.505016483017243098e-03,
3.597556850290857533e-02,
2.762623808812349896e-02,
1.335906013555359165e-02,
1.773641494874027627e-02,
-1.592383677489124169e-02,
3.816866672132164517e-02,
3.667319866362959285e-02,
8.123216417618549928e-03,
1.132818537371349575e-04,
5.785202962579205285e-03,
-9.086049435427411697e-03,
2.989214300760067913e-03,
-2.320434001740068284e-03,
1.857377463020384173e-02,
-2.439820137806236744e-02,
-3.227214932267088304e-02,
5.755101691465825016e-03,
8.863202817155978880e-03,
6.657734877080656588e-03,
-3.371864878572523871e-02,
2.174522746354341438e-02,
-3.688419715035706758e-02,
9.231698059011250734e-04,
-2.123782858107006039e-02,
-2.080203138757496899e-03,
-5.382566570187918668e-03,
1.131235545108211227e-02,
1.057729913154616987e-02,
4.335442953743040388e-03,
1.594469393603503791e-03,
-2.356541657354682597e-03,
-1.830369731760583818e-02,
2.926777087850496037e-05,
-1.745710382238030434e-03,
1.779290786944329877e-02,
-1.148560601868666743e-02,
-2.998505778377875616e-02,
5.605372544378042082e-02,
4.572340706363320524e-03,
5.513973210327094421e-03,
-1.873485616524703939e-02,
-2.443615157098975171e-02,
-2.645079517969861627e-02,
6.430327089037746364e-03,
1.374475716147571802e-03,
-7.686595543054864157e-03,
-3.475821494066622282e-03,
-9.134222217107889827e-03,
2.807821333117317339e-02,
-1.125976724651991424e-02,
-7.473964471137151469e-03,
4.789926775265485395e-03,
3.415293351281434298e-03,
1.217940150891081395e-02,
8.009178619249723158e-03,
-2.155545397545211017e-02,
8.120463046361691903e-03,
-4.170428956858814040e-02,
7.830668555106968035e-03,
2.022602204233408044e-02,
-2.028581574559211800e-02,
1.476033591898158123e-02,
1.800221301782585145e-02,
-4.244595771888270627e-03,
3.148810029961168679e-03,
1.916198317194357445e-02,
-1.155754861720197438e-02,
2.266841556411236525e-02,
1.007796088233590091e-02,
-1.379629803705029190e-02,
5.119774991180747400e-03,
2.628044958692044020e-02,
-4.968072380870580326e-03,
6.693437399007962085e-03,
-3.582333787344395976e-02,
-6.908308883430436600e-03,
-7.811704202322289174e-03,
5.436293828097404912e-03,
8.152474489179439843e-03,
5.700851607252843331e-03,
2.574817868298850867e-03,
1.521916704368777608e-02,
-1.271394929790403694e-02,
-1.754797146422788431e-02,
7.316378093673847442e-03,
-9.437051662825979986e-03,
6.935270212125033140e-03,
1.245537160430103610e-02,
-1.549466729047708179e-02,
-1.108514906372875045e-02,
1.883985637687146664e-02,
-2.167562232352793303e-03,
4.978630872210487376e-03,
1.247185634711058845e-02,
4.516550029802601611e-03,
2.215064737538341259e-03,
3.784834612160921374e-02,
3.644732660613954345e-02,
1.252363299354328739e-02,
-1.599825925222830890e-03,
7.859462907072156321e-03,
-1.400765036232769559e-02,
-2.645393330603838106e-02,
-3.957919990352820432e-03,
-3.621008343179710123e-03,
9.219622159434948117e-03,
7.892735168570651910e-03,
6.709303286334034402e-03,
2.628187055233865803e-03,
-2.641390555072575981e-03,
1.597467749379575391e-02,
-1.410005943616852130e-02,
2.726363224210217456e-02,
-9.958062891382724741e-03,
2.021854755003005440e-03,
-1.949160568765364449e-02,
-2.515961613971740007e-02,
3.628021804615855353e-05,
-4.435380303766578783e-03,
8.693415485322476127e-03,
-2.752734271343797515e-02,
-1.118746313150040771e-02,
-2.486714554252102832e-02,
-1.740451130899600685e-03,
-2.805474400520324881e-03,
2.407727323006838421e-02,
9.672594326548277638e-03,
-2.861085787881165882e-02,
5.945156694360775526e-03,
-6.579711826052517254e-02,
4.485669767018407410e-03,
-4.734366791672073652e-03,
-1.752436638344079256e-02,
2.444782424136065016e-02,
-1.097328063042368740e-02,
-1.356799489876720985e-02,
-5.423655081540345972e-03,
-8.404815156245604504e-03,
1.221707310178317060e-02,
-2.194811201188713243e-02,
-1.303116338240215520e-02,
8.578808367019519644e-04,
-1.932932133786380248e-03,
-1.408000102965161274e-02,
-3.274905187427066405e-02,
-1.900599602086004009e-02,
2.877982434583827714e-02,
-1.410171162424376200e-02,
5.402604790288023477e-03,
5.180696793831885034e-03,
-1.497953166544903000e-02,
-3.873560095962602732e-03,
2.128088058670982857e-02,
-1.413757421541959013e-02,
2.804182388354092923e-03,
-4.483751393854618419e-03,
2.057466338155791025e-02,
-4.238008692482253537e-03,
2.248219889879692415e-02,
1.664508777321316345e-03,
1.797259121667593718e-02,
2.965466707246378151e-03,
2.934941163402982273e-04,
2.327450110460631619e-02,
2.117356623057276011e-02,
-1.407687701866961946e-02,
1.841561188921332290e-02,
1.033370214281603694e-02,
-1.366859042173018766e-03,
-1.028503136767540058e-02,
-1.086352934071328422e-02,
-6.701523103401996195e-03,
3.674290864728391171e-02,
-1.524264742038212647e-02,
-9.899908106308429739e-03,
-8.353408571565523744e-03,
-3.914771694689988743e-03,
-4.490700664537143616e-02,
-5.840281004202552487e-03,
-3.305093582021072229e-02,
7.584512790344888344e-03,
-6.625544000416994268e-03,
-7.562217180384323348e-03,
2.297707803663797538e-02,
-1.932510681217536330e-02,
8.745989389717578888e-02,
2.840369904879480600e-02,
1.161251229932531645e-02,
-1.061606977455085109e-02,
2.267149765975773248e-03,
-4.238370804523583155e-03,
1.839518087799661000e-02,
3.598023054692021244e-02,
-1.707434603013098171e-02,
-5.999398666244814930e-03,
-6.438784173224121159e-03,
-2.991240646806545694e-02,
-1.631321643944829564e-02,
1.330255393695551833e-02,
-3.636382736731320897e-02,
3.069439905229955773e-02,
1.363406481686979600e-05,
2.920672486652620137e-03,
3.163066445849836011e-02,
1.760367941460572183e-02,
5.818970617838204124e-04,
-1.926235171267762919e-02,
6.500139192212372801e-04,
-3.807854780461639166e-03,
2.709777031559497049e-02,
2.156853997439611616e-03,
3.491104681597789576e-03,
2.541708177886903503e-04,
-7.745167263783514847e-03,
3.426024195505306125e-03,
5.568450629652943679e-04,
-1.578853253740817447e-02,
4.495091079734266082e-02,
-1.934401383596195956e-02,
-2.090860344469547445e-03,
-5.248717118229251008e-03,
1.173616184096317773e-02,
-2.040567722578998794e-02,
-5.064112780382856380e-03,
-6.383565504802390760e-03,
-2.526096353540197015e-02,
4.002936155302450061e-03,
-6.910207923501729410e-02,
-1.071933639468625145e-03,
-1.235872774814197363e-02,
9.773650366696529090e-03,
-2.149741530884057353e-02,
-3.340818826109170827e-03,
2.392879425315186381e-02,
-5.437635802081786096e-03,
1.085583391832187737e-02,
1.679796114331111312e-02,
5.936204493627883841e-03,
2.698491397313773806e-03,
-6.395387928932905631e-04,
2.538101188256405155e-02,
2.011224055313505163e-02,
5.694058863446116794e-03,
-7.966587702685500733e-03,
-1.367631967295892571e-02,
-5.491418783276458097e-03,
-1.030471644480712712e-02,
-5.271261409507133240e-03,
9.897851571440696022e-03,
2.710986895181122236e-02,
2.916913796070730530e-04,
-2.081483757938258281e-02,
-5.033758150602806857e-04,
1.735652668867260261e-03,
-5.230193650641012590e-03,
-7.767367543419822877e-03,
2.340998116414993915e-03,
-3.053004795219749104e-04,
3.388495469698682341e-03,
1.146385821048170363e-02,
7.131879683583975380e-05,
-2.212631312431767583e-03,
3.689170682264375500e-03,
-5.162494222167879690e-03,
-1.359342330833896925e-02,
2.311418543104082346e-02,
-9.391274248628178611e-03,
-1.762565711978823085e-02,
6.251880567288026040e-03,
1.947507957083871588e-03,
2.795461623463779688e-03,
1.647698364831740080e-03,
7.232262112665921450e-03,
2.688910549040883849e-02,
-4.022772051393985401e-03,
-2.245790499728173018e-03,
6.667657778598368515e-03,
-1.472272280079778327e-03,
-4.649207085640228235e-03,
-4.195724590681492935e-03,
-5.510665918700396668e-03,
-4.904550116043538202e-03,
-1.096505108580458909e-02,
-1.652644263813272257e-02,
-2.094466497437679278e-02,
1.490428359829820693e-02,
3.355966765666380802e-02,
-1.684766332618892193e-02,
-3.217324654106050452e-02,
2.345243566378485238e-03,
2.975666499696671963e-02,
-5.894004006404429501e-03,
-5.304902521311305116e-03,
1.836623017443344066e-02,
-1.041659891052404419e-02,
-1.308841204736381839e-02,
8.750846795737742684e-03,
-1.585985493147745772e-03,
-2.155492825659166556e-02,
-1.591869792900979519e-02,
9.432580490829423417e-03,
-1.645074991974979778e-02,
-1.258636700222268666e-02,
-1.627706045983359079e-02,
-5.557938426500185977e-03,
7.294263719813898206e-03,
-6.796524394303560257e-03,
-6.146338442340493549e-03,
-1.002743665594607592e-03,
-1.544136135489679838e-02,
-1.484100372981629265e-02,
2.701981835998594830e-02,
5.035066942218691458e-03,
-1.081432665814645658e-02,
-3.915473644156008959e-03,
1.116530440631322528e-02,
-7.568762582377530461e-03,
-9.118141054932494063e-03,
2.363307060295483097e-02,
-9.958223241847008120e-03,
-2.491156398318707804e-02,
6.787785215419716960e-03,
2.575042606913484702e-02,
-6.805236090440302914e-03,
9.676721501455176969e-03,
5.589777072891592702e-02,
3.817702585365623019e-04,
-4.339076804462820014e-02,
3.820459780399687480e-04,
-5.648350075352937330e-03,
-1.472614641534164461e-03,
1.556033007800579002e-02,
3.072406929350108770e-02,
-2.922106955156778159e-03,
-1.314932932145893539e-02,
7.189174648374319348e-05,
-3.909531689714640379e-03,
9.833761799382046559e-03,
-1.543392202001996408e-02,
-1.873548591975122621e-02,
1.396073693467769815e-03,
1.114964298030827160e-02,
-7.766276531037874173e-03,
-9.421445301268250444e-03,
1.629893528297543526e-02,
2.271096256736200233e-02,
1.941514198260847410e-02,
-4.663562576752155748e-05,
-1.059749281557742506e-02,
-1.802444530185311894e-02,
-7.666371113919013061e-03,
-3.442160633858293208e-03,
1.008582352660596440e-02,
8.141988539136946201e-03,
1.397803002037107875e-02,
4.967673012288287146e-05,
-3.373269668518332626e-02,
-6.694578359019942755e-03,
-1.552248752559535171e-02,
4.055497207446023822e-03,
-1.449119233657256665e-02,
3.364010507357306952e-03,
-1.170082582393661098e-03,
-1.833085193356964737e-02,
-1.228844129946082830e-02,
1.755480601277668168e-02,
1.129883016692474415e-02,
-1.932738788309507115e-03,
-1.066097709408495540e-02,
-2.368945957277901384e-03,
-1.939881176222115616e-02,
2.642210719641297986e-02,
3.523698427015915791e-02,
2.831683300610165870e-03,
2.283063313225284358e-02,
7.182254374492913138e-03,
7.592860155273229057e-03,
-2.852862208383157711e-02,
-2.290775818109978129e-02,
4.247987813141662454e-03,
-1.474833546672016382e-02,
1.022195924306288327e-02,
-3.512530467705800991e-02,
7.733812279184348881e-03,
-2.876970649231225165e-03,
-5.945696932030841708e-03,
1.120745067601092160e-02,
1.347201458411291172e-02,
-5.025910213589668545e-05,
9.063865797361358306e-03,
-2.138226906536146860e-02,
5.109271622495725404e-03,
3.252034211764111976e-02,
4.813811421627178788e-03,
1.508184662670828367e-02,
-1.670899503224063803e-02,
1.853182199411094327e-02,
-4.729678560397587890e-03,
9.787266026251018047e-04,
-1.496538367355242441e-02,
-2.093779217102564698e-03,
-1.896673912415280895e-03,
-1.081579857855103841e-02,
3.957933053607120763e-03,
-2.172633457230404089e-02,
-3.457329624798148593e-02,
1.214827691728714810e-03,
1.778758710133843124e-02,
3.549763327755499354e-02,
-4.769720975309610714e-03,
1.853583410411374643e-02,
1.140166012919507921e-02,
-1.208045942476019229e-02,
1.240584195766132256e-02,
1.667359729763120274e-02,
5.946851304133815748e-03,
-2.746045141248032277e-03,
-8.850714773871004581e-03,
-3.338876715861261064e-03,
-1.192847864003851975e-02,
1.199488609127001906e-02,
1.149435845436528290e-02,
-2.581064609694294631e-02,
-1.658009956590831419e-02,
-2.050778288958099438e-02,
-1.787968560383888100e-02,
7.742021304147783320e-03,
-1.040473229659255681e-03,
1.410851093241944840e-02,
2.733687475847546098e-03,
-3.607173307682387357e-03,
-1.353686344955349306e-02,
-6.597327318741008466e-03,
-2.623887266963720457e-05,
1.024312098161317408e-02,
2.999159991741180351e-02,
-2.472464829916134338e-02,
3.726926597300916823e-03,
-1.232063816860318184e-02,
-9.800773643655702125e-03,
7.396876498023630293e-03,
-2.098957714333664695e-02,
2.578735438110015682e-02,
8.242677577072754502e-03,
1.317472557420842384e-02,
1.036536730607622372e-02,
1.477463480114238337e-02,
2.154917869338533049e-02,
-1.254921252839267219e-02,
1.603017965353501634e-02,
-2.382105081342160771e-02,
1.226091252174228360e-02,
-6.386895756440936003e-03,
-1.730546680919360300e-02,
7.919914429658092211e-03,
2.337965881451964378e-03,
1.062291724374517764e-02,
-1.080543987627606908e-02,
-3.528470997116528365e-03,
1.129181825090199744e-02,
1.276588563341647317e-02,
-2.182105662723188115e-03,
-3.664668882265687097e-04,
1.510079970175865968e-02,
-4.790010943543166269e-03,
-9.372872201493010619e-03,
7.070297107566148390e-03,
-1.671674638055265037e-03,
1.543382393429055741e-02,
1.988150769830099134e-03,
-3.390072542242705649e-03,
8.580265421187505126e-05,
1.158945317147299682e-02,
4.409580267383717347e-03,
1.178605900495313143e-02,
-8.030706632416695703e-03,
-2.014953478937968681e-02,
-1.642542690387926996e-02,
-1.447836190345697105e-02,
2.333743995986879011e-02,
6.274123701587086327e-04,
-1.482019681716337765e-02,
-1.289150690427049925e-02,
1.551784138428047299e-02,
-5.799001222476363529e-03,
-1.111309549378347583e-02,
2.339902250096202035e-02,
1.466969263856299222e-02,
6.957293767482042139e-03,
-4.126671082340181013e-02,
-1.127030150964856113e-02,
-1.968681471189483861e-02,
7.790977117838338191e-03,
-6.818551523610949690e-03,
2.176870656403480028e-02,
9.962659334996714841e-03,
-2.005878263007616555e-02,
-8.058609580621123314e-02,
-1.115404907613992691e-02,
1.750798695284174616e-02,
8.185246033826842557e-03,
-1.044064182788133691e-02,
1.050373016914818436e-02,
-1.867606198356952562e-03,
1.164274354814551736e-02,
1.584685587440617244e-02,
-8.094696007901802659e-03,
1.618924710637657111e-02,
1.049668790155919816e-02,
-2.105879418668337236e-02,
8.109498256817459366e-03,
1.048479442833922734e-02,
-1.902036584215238647e-03,
1.951753113535232773e-02,
6.272327990154735397e-03,
-1.508215380599722301e-02,
-3.108658625569660130e-03,
-2.600858244113624009e-03,
4.492764989117858584e-03,
9.510822655283846655e-03,
2.207101171952672442e-02,
-6.011746393050998102e-03,
6.285632514118333174e-03,
-1.745754891890101065e-02,
5.950855642186070500e-03,
1.085624835395719925e-02,
-1.312971733859740267e-02,
2.141740457154810498e-02,
1.625992181361652841e-02,
1.881551253609359264e-02,
4.782891842478420412e-03,
5.902485275873914708e-03,
-8.007584977895021786e-03,
-6.657903955783695199e-04,
-6.338556553123453688e-03,
1.873688762134406716e-02,
-2.799125295132398519e-03,
-1.485318747327255516e-02,
-1.974958196515217562e-02,
1.402924317517317832e-02,
1.600786525523290038e-02,
1.012879345798864926e-02,
-1.733242431073449621e-02,
4.443230817560106689e-03,
1.991378492966760019e-02,
-5.432185268728062337e-03,
5.151906976243481387e-03,
1.061795622299541685e-02,
-1.310527623281814227e-02,
9.549642111960566365e-03,
-1.368443747633136739e-02,
-2.017398658499587258e-02,
-2.980093393489369300e-04,
-1.404808921506628394e-02,
-1.412533291440922802e-02,
-3.294883191119879658e-03,
4.454243334475904530e-03,
-8.421283273492008448e-03,
1.694765302818268494e-03,
-1.528159393928945134e-02,
-2.055281335487961838e-02,
6.169875222258269960e-03,
-2.457632169534917921e-02,
-2.141837933158967713e-02,
2.076982010694337216e-02,
-1.619636945833917777e-02,
1.141766506480052998e-02,
7.418549148133024920e-03,
1.397676406195387175e-02,
1.673910088138654689e-02,
1.613335749425459653e-02,
5.561829471844248474e-03,
-7.539799564983695919e-03,
-1.220674879732541740e-02,
3.686573418235639110e-04,
-7.471651983360061075e-03,
-5.863940715789795269e-03,
6.183539346966426993e-03,
3.578870330238714901e-03,
2.367767170071601729e-02,
2.739032363751903176e-02,
-2.028330962639302015e-02,
1.344616301357746090e-02,
1.428120482014492119e-02,
-2.827200508909299883e-03,
-8.189644156482244960e-03,
-2.526918210787698453e-03,
1.972217550501227309e-02,
2.116161064186599175e-02,
1.536526941927149857e-02,
-4.831511533120646726e-03,
5.996225233684526583e-03,
3.902642661705613050e-03,
-2.216451888671144843e-03,
-9.701133734779432416e-03,
6.672447946039028119e-03,
-1.623004267457872629e-02,
1.459162980318069389e-02,
2.543707378208637238e-02,
4.625371028669178659e-03,
-3.959999518701806838e-03,
-1.582958090584725072e-02,
-7.261072139954194427e-03,
2.129947024368448322e-02,
-8.467121564899570893e-03,
2.652767434483394027e-04,
-1.617802514228969951e-02,
1.156479923520237207e-02,
-1.161675553303211962e-02,
4.582954902434721763e-03,
2.149930573068559170e-03,
1.915007895149756223e-03,
1.154905886651249637e-02,
-1.589805935509502779e-04,
1.472745466744527186e-02,
1.787011672277003665e-02,
-1.056974961029482143e-02,
-1.793417420412879437e-02,
1.266242929116287962e-02,
-9.215665049850940704e-04,
-2.532801583583932370e-03,
-2.488375094253569841e-02,
-6.568782066460698496e-03,
3.595062880776822431e-05,
-4.463918394321808591e-03,
-6.239975315111223608e-03,
3.109409038734156552e-03,
3.349567239056341211e-02,
3.755253106355667392e-02,
-3.556570957880467003e-03,
-3.110190934967249545e-03,
2.291007795720361243e-02,
-5.840362713206559767e-03,
1.526814399985596503e-02,
1.828139933058992028e-02,
-1.271463426528498565e-02,
8.613508302005357109e-03,
9.230293310247361313e-03,
-1.178385390085168270e-03,
1.423493017064174707e-02,
-1.578779250849038363e-02,
-8.687859072233549904e-03,
7.870240699048736566e-04,
-7.366210827603936542e-03,
1.244723338168114354e-02,
-8.318259421503170631e-03,
-1.547621686841011909e-02,
6.287893085391261030e-03,
8.703948726179078655e-04,
3.320142277516424656e-04,
7.771216175751760429e-03,
-1.346900489879771998e-02,
3.441873936681076607e-02,
8.609205285029019467e-03,
-8.592266601044683955e-03,
-1.194944872113410349e-02,
3.416566182859241685e-02,
-9.320688998559489152e-03,
1.426526990471757052e-02,
-9.793337713927031257e-03,
-2.002020182553678612e-02,
3.335717949084937572e-03,
3.435405265918234363e-03,
-2.699632043950259824e-02,
-1.501216084870975534e-02,
-4.433116503059863697e-03,
9.655935771297663797e-03,
9.041206911206245422e-03,
-5.482473351366934540e-03,
3.876987031253520313e-03,
-9.910093387588858604e-03,
1.909288071328774138e-03,
2.029564419353846461e-02,
2.797715065535157780e-02,
-7.313537393929436976e-03,
-6.261164776515215462e-03,
1.295709459591307643e-02,
-1.269880364998243793e-03,
3.818508039694279519e-03,
-8.452152935569756317e-03,
1.553340954123996233e-02,
2.976664360612630775e-02,
-2.031826833263039762e-03,
4.507955517619847974e-02,
-9.827088087331504324e-03,
-1.304875977803021756e-03,
2.233754518965724856e-02,
2.232093869242817233e-02,
4.534311415045522327e-03,
1.100584900705143740e-02,
-7.354353696064208981e-03,
2.193159298331011017e-02,
1.558988518372643808e-02,
-7.747381838271394372e-03,
2.202932881773449550e-02,
1.975725939264521072e-02,
-1.170127466320991559e-03,
2.809884035377763212e-02,
8.810946630546823144e-03,
8.596165103517705922e-03,
-1.513510613585822371e-03,
-5.457887674856465657e-03,
2.454112781379080843e-03,
5.503082540235482503e-03,
1.166542526334524155e-03,
-2.770771177019924064e-02,
-3.034130774904042309e-03,
-1.548818042938364739e-02,
5.488219903782009740e-06,
9.305982152000069618e-03,
1.388136615569237654e-02,
-1.501197699690237728e-03,
-3.279524750541895801e-03,
-8.062720626185182482e-03,
1.290465019410476019e-02,
-1.422986667603254318e-02,
-1.167788947532244406e-03,
6.230182654689997435e-03,
-4.320573403965681514e-02,
-1.931539920624345680e-02,
1.881197425827849795e-02,
-9.926602069754153490e-04,
1.856734289322048426e-02,
-1.000952230242546648e-02,
-1.555628392670769210e-02,
6.360858789412305106e-03,
2.275860058143735001e-02,
-2.064108301419764844e-03,
1.657381430268287797e-02,
1.888478719629347463e-02,
-1.206091910135000979e-02,
4.950877034571021622e-03,
-1.063337182276882266e-02,
2.180212401435710576e-03,
8.248750364873557589e-03,
1.766643071314320107e-02,
-2.573822228587232391e-02,
1.758153943810612102e-02,
-9.062338781586732478e-03,
5.312807278824038630e-03,
-8.092578715877606771e-03,
3.541209932882338676e-03,
-1.742221087915822933e-02,
2.692934195511043072e-02,
2.778443209826946328e-02,
-3.464140246069291780e-03,
6.082908064490766611e-03,
1.153738948050886349e-03,
-8.568021158862394043e-03,
1.417300651155528612e-02,
1.703941612504422665e-02,
9.536510368343442332e-03,
-1.912544893275480674e-03,
2.305097121279686689e-03,
-2.774106542346999049e-03,
-2.642214007209986231e-04,
3.488037901115603832e-03,
-6.083788762043696070e-03,
7.631018670508638024e-03,
6.208615624927915633e-03,
-1.816763923707185452e-02,
-3.551857552884030069e-03,
1.038769725710153580e-03,
-9.091123152757063508e-03,
1.276774746511364321e-02,
-7.004351704381406090e-04,
-5.962423281744122072e-04,
-3.703397407662123333e-04,
7.641337983659468765e-03,
2.405025323969312012e-02,
8.283065244904718946e-03,
-6.581717793596908624e-03,
2.355621678289026091e-02,
5.711935624276520684e-03,
-1.963596163550391724e-02,
-8.253962613525799713e-03,
-7.611531538350391549e-03,
-1.166138745102216455e-02,
1.406958542356733302e-02,
-8.267057477496564171e-04,
-1.614632323980913454e-03,
1.037310075189452549e-02,
-1.308949106896761805e-02,
-7.686795340850949634e-03,
-1.066315966309048201e-02,
6.507713886094279587e-03,
-3.672932118934113706e-03,
9.188450873989496143e-03,
-3.927565371122909363e-03,
5.025976331671700228e-03,
1.134529893752187456e-02,
4.721692262683064092e-03,
-2.841148190200328688e-02,
-2.588801622623577645e-02,
1.385693862685002421e-02,
5.379268361139111221e-03,
8.438213402405381550e-03,
4.820020956685766578e-03,
9.436098279547878304e-03,
-1.577339513460174203e-03,
9.547394874971359697e-05,
8.792690816335380077e-03,
1.876135047568823142e-02,
-1.338109532371163299e-02,
-1.352524380490649492e-02,
-1.785166300833225181e-02,
-2.956867759348824447e-03,
1.104491936857812141e-02,
-1.544391745701432193e-02,
3.505717474035918799e-03,
5.319875470013358046e-03,
5.349700874648988420e-03,
-5.243656209131586365e-03,
6.656189449131489017e-04,
1.047522887820378015e-02,
3.999249893240630627e-03,
-7.029033807339146560e-03,
-2.333188551710918632e-03,
-9.972017270047216914e-03,
-1.209601759910583496e-04,
1.787121039742487622e-02,
-2.332056751474738052e-02,
-8.481634623603896000e-03,
-2.115292713278904644e-03,
-4.878579199521481877e-03,
2.901614044094458396e-03,
1.118667477858252893e-02,
-1.643372207763604820e-02,
-3.780025200103409762e-03,
1.021935343160293962e-02,
-1.663857762468978719e-03,
1.278010138776153326e-03,
1.340722729510162095e-02,
5.887076932413038040e-03,
3.500899195205420429e-03,
-4.137214517686516220e-03,
-4.135751244029961179e-03,
-1.496108922874555061e-02,
-7.423543953336775303e-03,
6.061168492306023663e-03,
2.628208097303286021e-03,
-2.138131599640473793e-02,
1.983559717773459782e-02,
-7.231167698046192180e-03,
2.858428512990940189e-03,
-1.807744955876842280e-02,
-3.817988609080202964e-03,
1.027301762253046008e-01,
-1.049182281713001517e-03,
-8.274902240373194218e-03,
2.842782252810138570e-03,
8.230978345090988677e-03,
-1.606798908323980911e-03,
2.794570516562089237e-03,
-3.883002186194062320e-03,
3.851585538359359080e-03,
6.174380355514585798e-03,
-9.910328217665664505e-03,
-4.128728516661794856e-03,
-5.869911052286624908e-03,
3.374529173015616834e-03,
1.397572822752408614e-02,
-8.214152156142517924e-03,
-1.548986030975356767e-02,
-1.815933951293118367e-02,
-1.041212175914552063e-02,
7.914100983180105339e-03,
5.982818244956433600e-03,
-2.118119391961954465e-02,
7.956661866046488285e-04,
2.486425449023954744e-03,
7.729447114979848092e-03,
-2.643775776959955692e-02,
-6.299247796414419662e-03,
1.569755345117300818e-02,
2.231216741347452626e-02,
2.308206413872539858e-02,
-6.817292392952367880e-04,
2.169419076744816353e-03,
-6.020447395712835714e-03,
-1.144130285538267310e-02,
-1.785701161716133495e-02,
-7.975140429334715703e-03,
-1.460391271893968224e-02,
-1.315491588611621479e-02,
-1.715717080514878102e-05,
-2.053622798412107001e-02,
8.538523814058862973e-03,
1.342314690118655632e-02,
1.024173995892851963e-02,
-4.919437650823965495e-03,
4.940598583198152136e-03,
-3.211722841951995810e-02,
-1.490932577289640938e-02,
-4.623951171379303386e-03,
2.821497619152069092e-03,
-2.649463398847729054e-03,
-1.405036709038540686e-02,
1.470845625153742800e-02,
8.838723394364932789e-03,
-1.557127897103782700e-03,
-9.210367813648191043e-03,
5.304105958202854016e-04,
-2.531161342631094158e-03,
-1.434937049634754701e-03,
3.703486156882718205e-02,
1.880257999291643639e-02,
-1.643821003381162925e-03,
-7.333502569235861128e-03,
9.127936000004411091e-03,
-7.647617696784436356e-03,
6.739112496143206607e-03,
-7.894508977187797644e-04,
-1.318564581597456674e-02,
-1.248691959772258928e-02,
6.605757673969492490e-03,
4.590558167546987360e-03,
-6.306250725174322724e-03,
7.443017896730452602e-03,
2.741795399924740022e-03,
-8.752206584904342196e-03,
-7.495709529030137111e-03,
1.216502844472415815e-02,
-4.111754623590968376e-03,
4.453295689017977457e-04,
-1.709070159122347971e-02,
1.102580450242385268e-02,
2.065254080516751994e-02,
-8.239158484502694807e-03,
9.233326080720870993e-03,
1.985971657559275697e-02,
-2.395824002451263542e-03,
4.743019084708066310e-03,
6.525630661781178614e-03,
-2.065923289046622813e-02,
-1.649279161938466132e-03,
-1.783575213630683720e-02,
4.754915452213026757e-03,
9.640499942906898684e-03,
1.249273929279297660e-02,
2.034188253455795209e-02,
-5.028525445959530424e-03,
-3.322070196736603889e-03,
-1.645722325192764540e-02,
6.581127032404765704e-04,
7.320888177491724665e-03,
7.856722714495844445e-03,
4.388645774452015584e-03,
-4.550904226198327143e-03,
-4.750136411166750242e-03,
8.064571651630103588e-03,
1.402271989500150119e-02,
-1.569007054786197841e-02,
-1.265118458541110089e-02,
-7.055002311244606798e-03,
6.481654668459668582e-03,
6.615672711632214487e-03,
2.189354971051216125e-02,
5.599562628776766533e-03,
3.221723822643980661e-02,
-1.335754067185917007e-02,
2.201184382771543754e-02,
-7.557125013408949772e-03,
-5.908043868839740580e-03,
-6.321127594856079494e-03,
-1.114656733989249915e-02,
-3.561108367284759792e-03,
2.480515344068407943e-02,
-1.113502854714170168e-02,
1.354382369900122320e-02,
1.089393672300502727e-02,
3.519720117037650024e-03,
-8.801410032901913361e-04,
3.806073726445902226e-03,
2.823798181489110132e-02,
3.081401831004768749e-02,
-2.284305938519537622e-03,
1.698123157257214145e-03,
-9.708647181105334659e-03,
5.234614625805988908e-03,
-4.274043971963692630e-03,
1.920406317804008653e-02,
2.079129822668619385e-02,
-5.977447413670233800e-03,
-1.238779033010359819e-02,
-6.467461201827973474e-03,
-1.018362818285822868e-04,
3.551157281617633825e-03,
-5.910143864821293218e-03,
-5.956706445431336761e-05,
-1.121888507623225451e-02,
8.594607788836583495e-03,
2.071786423912271718e-02,
4.774379002628848130e-03,
1.278833637479692784e-03,
-1.634748526412295108e-02,
-1.983580389060080051e-02,
-6.526824960019439459e-03,
1.258983963634818836e-03,
-1.009841045597568120e-02,
6.983118969947100033e-03,
-1.094209363654954394e-02,
5.126653431216254657e-03,
-2.888724498916417360e-03,
-1.769471401348710017e-03,
2.839042840641923388e-02,
-3.108765103388577526e-03,
6.882070490974001586e-03,
7.991266949102283218e-03,
-8.260777910800242915e-03,
1.065625900264421944e-02,
3.254883131012320518e-02,
1.444831169646931856e-03,
-1.047802006360143423e-02,
-2.441555096447700721e-03,
-2.320154837070731359e-03,
-1.131398851866833796e-02,
6.709687170223332595e-03,
8.056852873414755214e-03,
-1.638028165325522510e-03,
-6.307428656145930464e-03,
7.085928921151207413e-03,
-6.061694107484072273e-03,
1.377297842191183095e-03,
2.058515690441709012e-02,
-7.517418754287063902e-03,
-6.791737818275578320e-03,
-9.608150122221558592e-03,
-1.765466118667973275e-02,
1.171345178736373817e-02,
-7.566322710772510618e-04,
-2.569345899391919236e-02,
8.358489390229806998e-03,
4.053028940688818693e-03,
-7.538855471648275679e-03,
-5.413519719149917017e-03,
-8.694138034479692231e-03,
2.115376177243888378e-03,
-1.046781857730820844e-02,
1.387932138750329683e-02,
1.354039473408192792e-02,
-1.206661026226356695e-02,
2.293357864255085588e-02,
-3.610883929650299078e-03,
-1.243656184815336053e-02,
4.586090275552123785e-03,
5.200736594269983123e-03,
7.774297015566844146e-03,
-1.043932152679189970e-02,
1.743367178132757683e-02,
8.978349773678928267e-03,
2.936053164303302834e-02,
-1.515399164054542693e-03,
1.559907675255089998e-02,
2.093702155398204784e-02,
-2.587611760827712541e-03,
9.490785218076780438e-03,
1.903583339299075305e-02,
-9.700666961725801576e-03,
1.582571490143891467e-03,
-1.267328932590316894e-03,
2.362947221263311717e-03,
1.946196645149029722e-02,
9.011766636103858003e-03,
9.982516494346782565e-03,
-1.225340649543795769e-02,
-9.711418789811432709e-03,
-1.911661276244558307e-03,
-7.381553962477483029e-03,
-8.592037385824369700e-04,
-2.242713966406881948e-02,
-1.917882619891315629e-02,
-1.247785883024334942e-02,
1.914953821687959048e-03,
-8.775244912249036480e-03,
3.990936730406247253e-03,
-3.856583044398576195e-03,
-2.273750600579660386e-03,
-1.436085702443961123e-02,
-4.667493810120504523e-03,
-4.294897755698912079e-04,
2.130453842692077090e-02,
-8.692576014436782100e-03,
-1.817197035998106142e-02,
-6.492670497391372746e-03,
-7.498866040259599339e-03,
-5.412057670127978998e-04,
-1.215554334339685695e-03,
-3.073696017963811755e-03,
1.334991632029414264e-03,
-3.550659447500948036e-03,
-9.801604400854558100e-03,
2.646082234568893771e-02,
1.637801051838323405e-02,
-1.874335035681724479e-02,
-8.882203121902420423e-03,
1.042715916992165148e-02,
-8.008928503841161945e-04,
3.445437260961625552e-03,
-2.066332043614238674e-03,
-1.658553721281350729e-02,
-4.701998946984531358e-03,
-2.336643333546817129e-03,
5.569492704307776702e-03,
-6.626862176926806396e-03,
6.663641403429209839e-03,
2.671076881233602675e-03,
4.870861949166282664e-03,
2.109902994707226614e-02,
2.374765824060887098e-02,
-1.163802237570052932e-02,
2.233360558748245100e-02,
3.538694733288139192e-03,
-2.363352337852120345e-04,
1.954562460596207668e-02,
-5.183506470348220492e-03,
5.724921787623316397e-03,
8.219848998123779893e-03,
6.348441937007009549e-04,
-5.559814680600539197e-03,
1.281951499549904838e-02,
-1.220506809186190297e-02,
1.891820076853036742e-02,
-8.371846610680222164e-03,
-1.943286275491118431e-03,
3.899429836019408045e-03,
1.576097751240013167e-03,
7.976570978644303284e-03,
4.187518160324543888e-03,
6.003536604112014174e-03,
-9.083423356059938669e-03,
1.936828077305108309e-02,
2.860336349112912839e-03,
-1.972673910204321077e-02,
1.472707611828809673e-02,
-3.324280976812588159e-04,
-2.488546670065261424e-03,
-5.497445724904537548e-03,
1.623212448321282794e-02,
2.072620307444594800e-02,
-1.351172099821269443e-02,
1.657902354490943184e-02,
8.916535173193551253e-03,
-5.132115678861737251e-03,
-1.732679416454629973e-02,
-1.084842742420732888e-03,
-4.556570958811789643e-04,
-1.681491440685931732e-02,
-8.767609047936275601e-03,
-4.238943082600599328e-03,
-1.592217848738073510e-02,
7.929830462671816349e-03,
8.896900151739828289e-03,
-4.933272162452340473e-03,
1.622654025995871191e-02,
-6.320005346788093101e-03,
-4.353146724861289493e-03,
6.533471448346972292e-03,
-4.855240543838590730e-03,
2.668016718234867031e-03,
1.574495651530014723e-02,
-6.509712709521409471e-03,
-5.505113236722536385e-03,
2.978651813464239240e-03,
1.452154327853349969e-02,
1.062976232788059860e-02,
1.576894427998922626e-02,
2.189539915416389634e-02,
-3.995549643877893860e-03,
3.494401695206761577e-04,
-6.171266562887467444e-03,
1.223825230845250120e-02,
-2.051482626702636619e-02,
-6.103948038071393793e-03,
1.262372150813462213e-02,
2.649483201093971729e-02,
2.597295416053384612e-02,
5.615037761162966663e-03,
1.238398958230391231e-03,
-5.837172879546414714e-03,
-3.033868223428726370e-03,
2.823848689149599696e-03,
-4.485397596727125520e-03,
8.510926156304776669e-03,
3.129494094755500694e-02,
3.058735091326525261e-03,
7.470455323345959360e-03,
3.947153632179833775e-03,
1.762350695207715034e-02,
3.305345369153655892e-03,
-9.971052647051692822e-03,
2.668607260129647260e-02,
2.279791150358505616e-02,
1.376637805224163388e-02,
-3.190379391890019265e-03,
-1.087475954118417507e-02,
-5.232337198685854326e-03,
-1.684350024443119834e-02,
-1.514592983294278314e-02,
-8.012250671163201679e-03,
5.143893556669354786e-03,
8.547383337281643997e-03,
1.025208962091710488e-02,
2.076280133333057235e-02,
-3.050260457675903897e-02,
-3.929960570530965924e-03,
7.651075691683217883e-03,
-6.275656138313934424e-04,
8.716393106442409805e-03,
6.821079288056352934e-03,
-5.091704278311226343e-03,
1.078921162988990580e-02,
3.676004935987293998e-02,
-8.612308790907264103e-03,
-7.157141552306711327e-03,
-6.438640132546425039e-03,
-3.417930004070513037e-03,
-1.059016523067839513e-02,
3.383215147187001916e-03,
-1.310363429365679665e-03,
-1.758118880534311618e-02,
2.436707203742116744e-04,
-1.667125566746108147e-03,
-1.304479663156143943e-02,
-1.887810298940166900e-02,
4.702559587894938713e-03,
-9.527037036605179310e-04,
1.051573613367509132e-02,
-1.535475985147058929e-02,
8.621049416251479885e-03,
-7.776543556246906519e-03,
1.011012516682967613e-02,
1.165708121552597697e-02,
-4.989801449846708800e-03,
-8.666561171412467263e-03,
1.671402715146541595e-04,
